0	
0	
0	
0	
0	
0	
0	
0	
0	
0	
0	
0	
0	
0	
0	
0	
0	
0	
0	
0	
0	
0	
0	
0	
0	
0	
0	
0	
0	
0	
0	
0	
0	
0	
0	
0	
0	
0	
0	
0	
0	
0	
0	
0	
0	
0	
0	
0	
0	
0	
0	
0	
0	
0	
0	
0	
0	
0	
0	
0	
0	
0	
0	
0	
0	
0	
0	
0	
0	
0	
0	
0	
0	
-2.30314e-05	
-0.000501573	
-0.0015994	
-0.00331652	
-0.00565293	
-0.00860863	
-0.0121836	
-0.0163779	
-0.0211915	
-0.0266243	
-0.0326765	
-0.0393479	
-0.0466386	
-0.0545486	
-0.0630779	
-0.0722265	
-0.0819944	
-0.0923816	
-0.103388	
-0.115014	
-0.127259	
-0.140123	
-0.153607	
-0.16771	
-0.182432	
-0.197773	
-0.213734	
-0.230314	
-0.247513	
-0.265332	
-0.28377	
-0.302827	
-0.322504	
-0.3428	
-0.363715	
-0.385249	
-0.407403	
-0.429653	
-0.451263	
-0.472227	
-0.492546	
-0.512219	
-0.531247	
-0.549629	
-0.567365	
-0.584456	
-0.600901	
-0.616701	
-0.631855	
-0.646363	
-0.660226	
-0.673443	
-0.686015	
-0.697941	
-0.709221	
-0.719856	
-0.729845	
-0.739189	
-0.747887	
-0.75594	
-0.763347	
-0.770108	
-0.776224	
-0.781694	
-0.786519	
-0.790698	
-0.794231	
-0.797119	
-0.799361	
-0.800958	
-0.801909	
-0.802214	
-0.801874	
-0.8009	
-0.799351	
-0.797236	
-0.794554	
-0.791305	
-0.787489	
-0.783107	
-0.778158	
-0.772642	
-0.76656	
-0.759911	
-0.752695	
-0.744913	
-0.736564	
-0.727648	
-0.718166	
-0.708117	
-0.697501	
-0.686318	
-0.674569	
-0.662253	
-0.64937	
-0.635921	
-0.621905	
-0.607323	
-0.592173	
-0.576457	
-0.560174	
-0.543325	
-0.525909	
-0.507926	
-0.489377	
-0.47026	
-0.450578	
-0.430328	
-0.409512	
-0.388157	
-0.367371	
-0.347724	
-0.329217	
-0.311849	
-0.295621	
-0.280532	
-0.266583	
-0.253773	
-0.242103	
-0.231573	
-0.222181	
-0.21393	
-0.206818	
-0.200845	
-0.196012	
-0.192319	
-0.189765	
-0.18835	
-0.188075	
-0.18894	
-0.190944	
-0.194088	
-0.198371	
-0.203793	
-0.210355	
-0.218057	
-0.226898	
-0.236879	
-0.247999	
-0.260259	
-0.273658	
-0.288197	
-0.303875	
-0.320693	
-0.338651	
-0.357748	
-0.3774	
-0.396478	
-0.414951	
-0.432821	
-0.450086	
-0.466747	
-0.482805	
-0.498258	
-0.513107	
-0.527352	
-0.540993	
-0.55403	
-0.566463	
-0.578292	
-0.589517	
-0.600137	
-0.610154	
-0.619567	
-0.628375	
-0.636579	
-0.64418	
-0.651176	
-0.657569	
-0.663357	
-0.668541	
-0.673121	
-0.677097	
-0.680469	
-0.683237	
-0.685401	
-0.686961	
-0.687916	
-0.688268	
-0.688016	
-0.687159	
-0.685699	
-0.683601	
-0.680631	
-0.67674	
-0.671928	
-0.666196	
-0.659543	
-0.651971	
-0.643477	
-0.634063	
-0.623729	
-0.612474	
-0.600299	
-0.587203	
-0.573186	
-0.55825	
-0.542393	
-0.525615	
-0.507917	
-0.489298	
-0.469759	
-0.449299	
-0.427919	
-0.405619	
-0.382398	
-0.358257	
-0.333195	
-0.307212	
-0.28031	
-0.252486	
-0.223743	
-0.194078	
-0.163494	
-0.131988	
-0.0995628	
-0.0662167	
-0.0319502	
0.00322925	
0.0382489	
0.0723481	
0.105527	
0.137785	
0.169123	
0.19954	
0.229037	
0.257614	
0.285269	
0.312005	
0.33782	
0.362714	
0.386688	
0.409742	
0.431875	
0.453088	
0.47338	
0.492752	
0.511203	
0.528734	
0.545344	
0.561034	
0.575803	
0.589652	
0.602581	
0.614589	
0.625676	
0.635843	
0.64509	
0.653416	
0.660822	
0.667307	
0.672871	
0.677516	
0.681239	
0.684043	
0.685865	
0.686545	
0.686074	
0.684453	
0.681681	
0.677758	
0.672685	
0.666462	
0.659088	
0.650563	
0.640887	
0.630061	
0.618085	
0.604958	
0.59068	
0.575252	
0.558673	
0.540943	
0.522063	
0.502032	
0.480851	
0.458519	
0.435037	
0.410404	
0.38462	
0.357686	
0.329601	
0.300366	
0.26998	
0.238443	
0.205756	
0.171918	
0.13693	
0.100791	
0.0635011	
0.025061	
-0.0143776	
-0.0531316	
-0.0907349	
-0.127188	
-0.16249	
-0.196641	
-0.229642	
-0.261493	
-0.292193	
-0.321742	
-0.35014	
-0.377388	
-0.403486	
-0.428433	
-0.452229	
-0.474875	
-0.49637	
-0.516714	
-0.535908	
-0.553952	
-0.570844	
-0.586586	
-0.601178	
-0.614619	
-0.626909	
-0.638049	
-0.648038	
-0.656877	
-0.664565	
-0.671102	
-0.676489	
-0.680725	
-0.683811	
-0.685746	
-0.68653	
-0.686164	
-0.684647	
-0.682095	
-0.678622	
-0.674229	
-0.668916	
-0.662681	
-0.655527	
-0.647452	
-0.638456	
-0.62854	
-0.617704	
-0.605947	
-0.593269	
-0.579672	
-0.565153	
-0.549714	
-0.533355	
-0.516075	
-0.497875	
-0.478755	
-0.458713	
-0.437752	
-0.41587	
-0.393067	
-0.369344	
-0.344701	
-0.319137	
-0.292652	
-0.265247	
-0.236922	
-0.207676	
-0.17751	
-0.146423	
-0.114416	
-0.0814882	
-0.04764	
-0.0128714	
0.0223343	
0.0562309	
0.0886604	
0.119623	
0.149119	
0.177147	
0.203709	
0.228803	
0.252431	
0.274591	
0.295285	
0.314511	
0.332271	
0.348564	
0.363389	
0.376748	
0.388639	
0.399064	
0.408021	
0.415512	
0.421536	
0.426092	
0.429182	
0.430804	
0.43096	
0.429649	
0.42687	
0.422625	
0.416912	
0.409733	
0.401087	
0.390973	
0.379393	
0.366345	
0.351831	
0.33585	
0.318456	
0.300674	
0.282892	
0.26511	
0.247329	
0.229547	
0.211765	
0.193983	
0.176201	
0.15842	
0.140638	
0.122856	
0.105074	
0.0872924	
0.0695106	
0.0517289	
0.0339471	
0.0161653	
-0.00161653	
-0.0193983	
-0.0371801	
-0.0549619	
-0.0727437	
-0.0905255	
-0.108307	
-0.126089	
-0.143871	
-0.161653	
-0.179434	
-0.197216	
-0.214998	
-0.23278	
-0.250562	
-0.268343	
-0.286125	
-0.303907	
-0.321689	
-0.338864	
-0.354579	
-0.368827	
-0.381607	
-0.392921	
-0.402768	
-0.411147	
-0.41806	
-0.423506	
-0.427484	
-0.429996	
-0.431041	
-0.430618	
-0.428729	
-0.425373	
-0.42055	
-0.414259	
-0.406502	
-0.397278	
-0.386586	
-0.374428	
-0.360803	
-0.34571	
-0.329151	
-0.311125	
-0.291632	
-0.270671	
-0.248244	
-0.22435	
-0.198988	
-0.17216	
-0.143865	
-0.114103	
-0.0828733	
-0.050177	
-0.0160137	
0.0192614	
0.0538627	
0.0875435	
0.120304	
0.152144	
0.183063	
0.213062	
0.242141	
0.270299	
0.297536	
0.323853	
0.34925	
0.373726	
0.397282	
0.419917	
0.441631	
0.462426	
0.482299	
0.501253	
0.519286	
0.536398	
0.55259	
0.567861	
0.582212	
0.595643	
0.608153	
0.619743	
0.630412	
0.64016	
0.648988	
0.656896	
0.663883	
0.66995	
0.675096	
0.679322	
0.682628	
0.685018	
0.686698	
0.687774	
0.688246	
0.688114	
0.687378	
0.686038	
0.684094	
0.681545	
0.678393	
0.674637	
0.670276	
0.665312	
0.659743	
0.653571	
0.646794	
0.639413	
0.631428	
0.62284	
0.613647	
0.60385	
0.593449	
0.582443	
0.570834	
0.558621	
0.545804	
0.532382	
0.518357	
0.503728	
0.488494	
0.472656	
0.456215	
0.439169	
0.421519	
0.403265	
0.384408	
0.364946	
0.345463	
0.327091	
0.309859	
0.293767	
0.278813	
0.265	
0.252326	
0.240791	
0.230396	
0.22114	
0.213024	
0.206048	
0.200211	
0.195513	
0.191955	
0.189537	
0.188258	
0.188118	
0.189119	
0.191258	
0.194537	
0.198956	
0.204514	
0.211212	
0.219049	
0.228026	
0.238142	
0.249398	
0.261793	
0.275328	
0.290002	
0.305816	
0.322769	
0.340862	
0.360095	
0.380467	
0.401802	
0.422824	
0.44328	
0.463169	
0.482491	
0.501246	
0.519435	
0.537057	
0.554113	
0.570602	
0.586524	
0.601879	
0.616668	
0.63089	
0.644545	
0.657634	
0.670156	
0.682111	
0.6935	
0.704322	
0.714577	
0.724266	
0.733387	
0.741943	
0.749931	
0.757353	
0.764208	
0.770496	
0.776218	
0.781373	
0.785961	
0.789983	
0.793438	
0.796326	
0.798648	
0.800403	
0.80159	
0.802165	
0.802095	
0.801378	
0.800016	
0.798009	
0.795356	
0.792057	
0.788113	
0.783523	
0.778288	
0.772407	
0.76588	
0.758708	
0.75089	
0.742427	
0.733318	
0.723563	
0.713163	
0.702117	
0.690426	
0.678089	
0.665107	
0.651479	
0.637205	
0.622286	
0.606721	
0.590511	
0.573654	
0.556153	
0.538006	
0.519213	
0.499774	
0.479691	
0.458961	
0.437586	
0.415565	
0.393233	
0.371474	
0.350333	
0.329812	
0.309911	
0.290628	
0.271965	
0.253921	
0.236497	
0.219692	
0.203506	
0.187939	
0.172992	
0.158663	
0.144955	
0.131865	
0.119395	
0.107544	
0.0963123	
0.0856999	
0.0757068	
0.066333	
0.0575785	
0.0494433	
0.0419274	
0.0350308	
0.0287534	
0.0230954	
0.0180566	
0.0136372	
0.00983697	
0.00665608	
0.00409447	
0.00215216	
0.000829131	
0.000125393	
0	
0	
0	
0	
0	
0	
0	
0	
0	
0	
0	
0	
0	
0	
0	
0	
0	
0	
0	
0	
0	
0	
0	
0	
0	
0	
0	
0	
0	
0	
0	
0	
0	
0	
0	
0	
0	
0	
