0
0
0
0
0
0
0
0
0
0
0
0
0
0
0
0
0
0
0
0
0
0
0
0
0
0
0
0
0
0
0
0
0
0
0
0
0
0
0
0
0
0
0
0
0
0
0
0
0
0
0
0
0
0
0
0
0
0
0
0
0
0
0
0
0
0
0
0
0
0
0
0
0
0
0
0
0
0
0
0
0
0
0
0
0
0
0
0
0
0
0
0
0
0
0
0
0
0
0
0
0
0
0
0
0
0
0
0
0
0
0
0
0
0
0
0
0
0
0
0
0
0
0
0
0
0
0
0
0
0
0
0
0
0
0
0
0
0
0
0
0
0
0
0
0
0
0
0
0
0
0
0
0
0
0
0
0
0
0
0
0
0
0
0
0
0
0
0
0
0
0
0
0
0
0
0
0
0
0
0
0
0
0
0
0
0
0
0
0
0
0
0
0
0
0
0
0
0
0
0
0
0
0
0
0
0
0
0
0
0
0
0
0
0
0
0
0
0
0
0
0
0
0
0
0
0
0
0
0
0
0
0
0
0
0
0
0
0
0
0
0
0
0
0
0
0
0
0
0
0
0
0
0
0
0
0
0
0
0
0
0
0
0
0
0
0
0
0
0
0
0
0
0
0
0
0
0
0
0
0
0
0
0
0
0
0
0
0
0
0
0
0
0
0
0
0
0
0
0
0
0
0
0
0
0
0
0
0
0
0
0
0
0
0
0
0
0
0
0
0
0
0
0
0
0
0
0
0
0
0
0
0
0
0
0
0
0
0
0
0
0
0
0
0
0
0
0
0
0
0
0
0
0
0
0
0
0
0
0
0
0
0
0
0
0
0
0
0
0
0
0
0
0
0
0
0
0
0
0
0
0
0
0
0
0
0
0
0
0
0
0
0
0
0
0
0
0
0
0
0
0
0
0
0
0
0
0
0
0
0
0
0
0
0
0
0
0
0
0
0
0
0
0
0
0
0
0
0
0
0
0
0
0
0
0
0
0
0
0
0
0
0
0
0
0
0
0
0
0
0
0
0
0
0
0
0
0
0
0
0
0
0
0
0
0
0
0
0
0
0
0
0
0
0
0
0
0
0
0
0
0
0
0
0
0
0
0
0
0
0
0
0
0
0
0
0
0
0
0
0
0
0
0
0
0
0
0
0
0
0
0
0
0
0
0
0
0
0
0
0
0
0
0
0
0
0
0
0
0
0
0
0
0
0
0
0
0
0
0
0
0
0
0
0
0
0
0
0
0
0
0
0
0
0
0
0
0
0
0
0
0
0
0
0
0
0
0
0
0
0
0
0
0
0
0
0
0
0
0
0
0
0
0
0
0
0
0
0
0
0
0
0
0
0
0
0
0
0
0
0
0
0
0
0
0
0
0
0
0
0
0
0
0
0
0
0
0
0
0
0
0
0
0
0
0
0
0
0
0
0
0
0
0
0
0
0
0
0
0
0
0
0
0
0
0
0
0
0
0
0
0
0
0
0
0
0
0
0
0
0
0
0
0
0
0
0
0
0
0
0
0
0
0
0
0
0
0
0
0
0
0
0
0
0
0
0
0
0
0
0
0
0
0
0
0
0
0
0
0
0
0
0
0
0
0
0
0
0
0
0
0
0
0
0
0
0
0
0
0
0
0
0
0
0
0
0
0
0
0
0
0
0
0
0
0
0
0
0
0
0
0
0
0
0
0
0
0
0
0
0
0
0
0
0
0
0
0
0
0
0
0
0
0
0
0
0
0
0
0
0
0
0
0
0
0
0
0
0
0
0
0
0
0
0
0
0
0
0
0
0
0
0
0
0
0
0
0
0
0
0
0
0
0
0
0
0
0
0
0
0
0
0
0
0
0
0
0
0
0
0
0
0
0
0
0
0
0
0
0
0
0
0
0
0
0
0
0
0
0
0
0
0
0
0
0
0
0
0
0
0
0
0
0
0
0
0
0
0
0
0
0
0
0
0
0
0
0
0
0
0
0
0
0
0
0
0
0
0
0
0
0
0
0
0
0
0
0
0
0
0
0
0
0
0
0
0
0
0
0
0
0
0
0
0
0
0
0
0
0
0
0
0
0
0
0
0
0
0
0
0
0
0
0
0
0
0
0
0
0
0
0
0
0
0
0
0
0
0
0
0
0
0
0
0
0
0
0
0
0
0
0
0
0
0
0
0
0
0
0
0
0
0
0
0
0
0
0
0
0
0
0
0
0
0
0
0
0
0
0
0
0
0
0
0
0
0
0
0
0
0
0
0
0
0
0
0
0.25
0.000999987
0.25
0.00199997
0.25
0.00299996
0.25
0.00399995
0.25
0.00499994
0.25
0.00599992
0.25
0.00699991
0.25
0.0079999
0.25
0.00899988
0.25
0.00999987
0.25
0.0109999
0.25
0.0119998
0.25
0.0129998
0.25
0.0139998
0.25
0.0149998
0.25
0.0159998
0.25
0.0169998
0.25
0.0179998
0.25
0.0189998
0.25
0.0199997
0.25
0.0209997
0.25
0.0219997
0.25
0.0229997
0.25
0.0239997
0.25
0.0249997
0.25
0.0259997
0.25
0.0269997
0.25
0.0279996
0.25
0.0289996
0.25
0.0299996
0.25
0.0309996
0.25
0.0319996
0.25
0.0329996
0.25
0.0339996
0.25
0.0349995
0.25
0.0359995
0.25
0.0369995
0.25
0.0379995
0.25
0.0389995
0.25
0.0399995
0.25
0.0409995
0.25
0.0419995
0.0429994
0.0439994
0.0449994
0.0459994
0.0469994
0.0479994
0.0489994
0.0499994
0.0509993
0.0519993
0.0529993
0.0539993
0.0549993
0.0559993
0.0569993
0.0579993
0.0589992
0.0599992
0.0609992
0.25
0.0619992
0.25
0.0629992
0.25
0.0639992
0.25
0.0649992
0.25
0.0659992
0.25
0.0669991
0.25
0.0679991
0.25
0.0689991
0.25
0.0699991
0.25
0.0709991
0.25
0.0719991
0.25
0.0729991
0.25
0.073999
0.25
0.074999
0.25
0.075999
0.25
0.076999
0.25
0.077999
0.25
0.078999
0.25
0.079999
0.25
0.080999
0.25
0.0819989
0.25
0.0829989
0.25
0.0839989
0.25
0.0849989
0.25
0.0859989
0.25
0.0869989
0.25
0.0879989
0.25
0.0889989
0.25
0.0899988
0.25
0.0909988
0.25
0.0919988
0.25
0.0929988
0.25
0.0939988
0.25
0.0949988
0.25
0.0959988
0.25
0.0969988
0.0979987
0.0989987
0.0999987
0.100999
0.101999
0.102999
0.103999
0.104999
0.105999
0.106999
0.107999
0.108999
0.109999
0.110999
0.111999
0.112999
0.113999
0.114999
0.115999
0.116998
0.117998
0.118998
0.119998
0.120998
0.121998
0.122998
0.123998
0.124998
0.125998
0.126998
0.127998
0.128998
0.129998
0.130998
0.131998
0.132998
0.133998
0.134998
0.135998
0.136998
0.137998
0.138999
0.139999
0.140999
0.141999
0.142999
0.143999
0.144999
0.145999
0.146999
0.147999
0.148999
0.149999
0.150999
0.151999
0.152999
0.153999
0.154999
0.155999
0.156999
0.157999
0.158999
0.159999
0.161
0.162
0.163
0.164
0.165
0.166
0.167
0.168
0.169
0.17
0.171
0.172
0.173
0.174
0.175
0.176
0.177
0.178
0.179
0.18
0.181
0.182001
0.183001
0.184001
0.185001
0.186001
0.187001
0.25
0.188001
0.25
0.189001
0.25
0.190001
0.25
0.191001
0.25
0.192001
0.25
0.193001
0.25
0.194001
0.25
0.195001
0.25
0.196001
0.25
0.197001
0.25
0.198001
0.25
0.199001
0.25
0.200001
0.25
0.201001
0.25
0.202001
0.25
0.203001
0.25
0.204002
0.25
0.205002
0.25
0.206002
0.25
0.207002
0.25
0.208002
0.25
0.209002
0.25
0.210002
0.25
0.211002
0.25
0.212002
0.25
0.213002
0.25
0.214002
0.25
0.215002
0.25
0.216002
0.25
0.217002
0.25
0.218002
0.25
0.219002
0.25
0.220002
0.25
0.221002
0.25
0.222002
0.25
0.223002
0.25
0.224002
0.25
0.225003
0.25
0.226003
0.25
0.227003
0.25
0.228003
0.25
0.229003
0.25
0.230003
0.25
0.231003
0.25
0.232003
0.25
0.233003
0.25
0.234003
0.25
0.235003
0.25
0.236003
0.25
0.237003
0.25
0.238003
0.25
0.239003
0.25
0.240003
0.25
0.241003
0.25
0.242003
0.25
0.243003
0.25
0.244003
0.25
0.245003
0.25
0.246004
0.25
0.247004
0.5
0.251
0.5
0.252
0.5
0.253
0.5
0.254
0.5
0.255
0.5
0.256
0.5
0.257
0.5
0.258
0.5
0.259
0.5
0.26
0.5
0.261001
0.5
0.262001
0.5
0.263001
0.5
0.264001
0.5
0.265001
0.5
0.266001
0.5
0.267001
0.5
0.268001
0.5
0.269001
0.5
0.270001
0.5
0.271001
0.5
0.272001
0.5
0.273001
0.5
0.274001
0.5
0.275001
0.5
0.276001
0.5
0.277001
0.5
0.278001
0.5
0.279001
0.5
0.280001
0.5
0.281001
0.5
0.282001
0.5
0.283002
0.5
0.284002
0.5
0.285002
0.5
0.286002
0.5
0.287002
0.5
0.288002
0.5
0.289002
0.5
0.290002
0.5
0.291002
0.5
0.292002
0.5
0.293002
0.5
0.294002
0.5
0.295002
0.5
0.296002
0.5
0.297002
0.5
0.298002
0.5
0.299002
0.5
0.300002
0.5
0.301002
0.5
0.302002
0.5
0.303002
0.5
0.304003
0.5
0.305003
0.5
0.306003
0.5
0.307003
0.5
0.308003
0.5
0.309003
0.5
0.310003
0.5
0.311003
0.5
0.312003
0.5
0.313003
0.5
0.314003
0.5
0.315003
0.5
0.316003
0.5
0.317003
0.5
0.318003
0.5
0.319003
0.5
0.320003
0.5
0.321003
0.5
0.322003
0.5
0.323003
0.5
0.324003
0.5
0.325004
0.5
0.326004
0.5
0.327004
0.5
0.328004
0.5
0.329004
0.5
0.330004
0.5
0.331004
0.332004
0.333004
0.334004
0.335004
0.336004
0.337004
0.338004
0.339004
0.340004
0.341004
0.342004
0.343004
0.344004
0.345004
0.346004
0.347005
0.348005
0.349005
0.350005
0.351005
0.352005
0.353005
0.354005
0.355005
0.356005
0.357005
0.358005
0.359005
0.360005
0.361005
0.362005
0.363005
0.364005
0.365005
0.366005
0.367005
0.368006
0.369006
0.370006
0.371006
0.372006
0.373006
0.374006
0.375006
0.376006
0.377006
0.378006
0.379006
0.380006
0.381006
0.382006
0.383006
0.384006
0.385006
0.386006
0.387006
0.388006
0.389006
0.390007
0.391007
0.392007
0.393007
0.394007
0.395007
0.396007
0.397007
0.398007
0.399007
0.400007
0.401007
0.402007
0.403007
0.404007
0.405007
0.406007
0.407007
0.408007
0.409007
0.410007
0.411008
0.412008
0.413008
0.414008
0.415008
0.416008
0.417008
0.418008
0.419008
0.420008
0.421008
0.422008
0.423008
0.424008
0.425008
0.426008
0.427008
0.428008
0.429008
0.430008
0.431008
0.432009
0.433009
0.434009
0.435009
0.436009
0.437009
0.438009
0.439009
0.440009
0.441009
0.442009
0.443009
0.444009
0.445009
0.446009
0.447009
0.448009
0.449009
0.450009
0.451009
0.452009
0.453009
0.45401
0.45501
0.45601
0.45701
0.45801
0.45901
0.46001
0.46101
0.46201
0.46301
0.46401
0.46501
0.46601
0.46701
0.46801
0.46901
0.47001
0.47101
0.47201
0.47301
0.47401
0.475011
0.476011
0.477011
0.478011
0.479011
0.480011
0.481011
0.482011
0.483011
0.484011
0.485011
0.486011
0.487011
0.488011
0.489011
0.490011
0.491011
0.492011
0.493011
0.494011
0.495011
0.496011
0.501
0.502
0.503
0.504
0.505
0.506
0.507
0.508
0.509
0.51
0.511001
0.512001
0.513001
0.514001
0.515001
0.516001
0.517001
0.518001
0.519001
0.520001
0.521001
0.522001
0.523001
0.524001
0.525001
0.526001
0.527001
0.528001
0.529001
0.530001
0.531001
0.532001
0.533002
0.534002
0.535002
0.536002
0.537002
0.538002
0.539002
0.540002
0.541002
0.542002
0.543002
0.544002
0.545002
0.546002
0.547002
0.548002
0.549002
0.550002
0.551002
0.552002
0.553002
0.554003
0.555003
0.556003
0.557003
0.558003
0.559003
0.560003
0.561003
0.562003
0.563003
0.564003
0.565003
0.566003
0.567003
0.568003
0.569003
0.570003
0.571003
0.572003
0.573003
0.574003
0.575004
0.576004
0.577004
0.578004
0.579004
0.580004
0.581004
0.582004
0.583004
0.584004
0.585004
0.586004
0.587004
0.588004
0.589004
0.590004
0.591004
0.592004
0.593004
0.594004
0.595004
0.596004
0.597005
0.598005
0.599005
0.600005
0.601005
0.602005
0.603005
0.604005
0.605005
0.606005
0.607005
0.608005
0.609005
0.610005
0.611005
0.612005
0.613005
0.614005
0.615005
0.616005
0.617005
0.618006
0.619006
0.620006
0.621006
0.622006
0.623006
0.75
0.624006
0.75
0.625006
0.75
0.626006
0.75
0.627006
0.75
0.628006
0.75
0.629006
0.75
0.630006
0.75
0.631006
0.75
0.632006
0.75
0.633006
0.75
0.634006
0.75
0.635006
0.75
0.636006
0.75
0.637006
0.75
0.638006
0.75
0.639006
0.75
0.640007
0.75
0.641007
0.75
0.642007
0.75
0.643007
0.75
0.644007
0.75
0.645007
0.75
0.646007
0.75
0.647007
0.75
0.648007
0.75
0.649007
0.75
0.650007
0.75
0.651007
0.75
0.652007
0.75
0.653007
0.75
0.654007
0.75
0.655007
0.75
0.656007
0.75
0.657007
0.75
0.658007
0.75
0.659007
0.75
0.660007
0.75
0.661008
0.75
0.662008
0.75
0.663008
0.75
0.664008
0.75
0.665008
0.75
0.666008
0.75
0.667008
0.75
0.668008
0.75
0.669008
0.75
0.670008
0.75
0.671008
0.75
0.672008
0.75
0.673008
0.75
0.674008
0.75
0.675008
0.75
0.676008
0.75
0.677008
0.75
0.678008
0.75
0.679008
0.75
0.680008
0.75
0.681008
0.75
0.682009
0.75
0.683009
0.75
0.684009
0.75
0.685009
0.75
0.686009
0.75
0.687009
0.75
0.688009
0.75
0.689009
0.75
0.690009
0.75
0.691009
0.75
0.692009
0.75
0.693009
0.75
0.694009
0.75
0.695009
0.75
0.696009
0.75
0.697009
0.75
0.698009
0.75
0.699009
0.75
0.700009
0.75
0.701009
0.75
0.702009
0.75
0.703009
0.75
0.70401
0.75
0.70501
0.75
0.70601
0.75
0.70701
0.75
0.70801
0.75
0.70901
0.75
0.71001
0.75
0.71101
0.75
0.71201
0.75
0.71301
0.75
0.71401
0.75
0.71501
0.75
0.71601
0.75
0.71701
0.75
0.71801
0.75
0.71901
0.75
0.72001
0.75
0.72101
0.75
0.72201
0.75
0.72301
0.75
0.72401
0.75
0.725011
0.75
0.726011
0.75
0.727011
0.75
0.728011
0.75
0.729011
0.75
0.730011
0.75
0.731011
0.75
0.732011
0.75
0.733011
0.75
0.734011
0.75
0.735011
0.75
0.736011
0.75
0.737011
0.75
0.738011
0.75
0.739011
0.75
0.740011
0.75
0.741011
0.75
0.742011
0.75
0.743011
0.75
0.744011
0.75
0.745011
0.75
0.746011
1
0.751
1
0.752
1
0.753
1
0.754
1
0.755
1
0.756
1
0.757
1
0.758
1
0.759
1
0.76
1
0.761001
1
0.762001
1
0.763001
1
0.764001
1
0.765001
1
0.766001
1
0.767001
1
0.768001
1
0.769001
1
0.770001
1
0.771001
1
0.772001
1
0.773001
1
0.774001
1
0.775001
1
0.776001
1
0.777001
1
0.778001
1
0.779001
1
0.780001
1
0.781001
1
0.782001
1
0.783002
1
0.784002
1
0.785002
1
0.786002
1
0.787002
1
0.788002
1
0.789002
1
0.790002
1
0.791002
1
0.792002
1
0.793002
1
0.794002
1
0.795002
1
0.796002
1
0.797002
1
0.798002
1
0.799002
1
0.800002
1
0.801002
1
0.802002
1
0.803002
1
0.804003
1
0.805003
1
0.806003
1
0.807003
1
0.808003
1
0.809003
1
0.810003
1
0.811003
1
0.812003
1
0.813003
1
0.814003
1
0.815003
1
0.816003
1
0.817003
1
0.818003
1
0.819003
1
0.820003
1
0.821003
1
0.822003
1
0.823003
1
0.824003
1
0.825004
1
0.826004
1
0.827004
1
0.828004
1
0.829004
1
0.830004
1
0.831004
1
0.832004
1
0.833004
1
0.834004
1
0.835004
1
0.836004
1
0.837004
1
0.838004
1
0.839004
1
0.840004
1
0.841004
1
0.842004
1
0.843004
1
0.844004
1
0.845004
1
0.846004
1
0.847005
1
0.848005
1
0.849005
1
0.850005
1
0.851005
1
0.852005
1
0.853005
1
0.854005
1
0.855005
1
0.856005
1
0.857005
1
0.858005
1
0.859005
1
0.860005
1
0.861005
1
0.862005
1
0.863005
1
0.864005
1
0.865005
1
0.866005
1
0.867005
1
0.868006
1
0.869006
1
0.870006
1
0.871006
1
0.872006
1
0.873006
1
0.874006
1
0.875006
1
0.876006
1
0.877006
1
0.878006
1
0.879006
1
0.880006
1
0.881006
1
0.882006
1
0.883006
1
0.884006
1
0.885006
1
0.886006
1
0.887006
1
0.888006
1
0.889006
1
0.890007
1
0.891007
1
0.892007
1
0.893007
1
0.894007
1
0.895007
1
0.896007
1
0.897007
1
0.898007
1
0.899007
1
0.900007
1
0.901007
1
0.902007
1
0.903007
1
0.904007
1
0.905007
1
0.906007
1
0.907007
1
0.908007
1
0.909007
1
0.910007
1
0.911008
1
0.912008
1
0.913008
1
0.914008
1
0.915008
1
0.916008
1
0.917008
1
0.918008
1
0.919008
1
0.920008
1
0.921008
1
0.922008
1
0.923008
1
0.924008
1
0.925008
1
0.926008
1
0.927008
1
0.928008
1
0.929008
1
0.930008
1
0.931008
1
0.932009
1
0.933009
1
0.934009
1
0.935009
1
0.936009
1
0.937009
1
0.938009
1
0.939009
1
0.940009
1
0.941009
1
0.942009
1
0.943009
1
0.944009
1
0.945009
1
0.946009
1
0.947009
1
0.948009
1
0.949009
1
0.950009
1
0.951009
1
0.952009
1
0.953009
1
0.95401
1
0.95501
1
0.95601
1
0.95701
1
0.95801
1
0.95901
1
0.96001
1
0.96101
1
0.96201
1
0.96301
1
0.96401
1
0.96501
1
0.96601
1
0.96701
1
0.96801
1
0.96901
1
0.97001
1
0.97101
1
0.97201
1
0.97301
1
0.97401
1
0.975011
1
0.976011
1
0.977011
1
0.978011
1
0.979011
1
0.980011
1
0.981011
1
0.982011
1
0.983011
1
0.984011
1
0.985011
1
0.986011
1
0.987011
1
0.988011
1
0.989011
1
0.990011
1
0.991011
1
0.992011
1
0.993011
1
0.994011
1
0.995011
1
0.996011
1.25
1.001
1.25
1.002
1.25
1.003
1.25
1.004
1.25
1.005
1.25
1.006
1.25
1.007
1.25
1.008
1.25
1.009
1.25
1.01
1.25
1.011
1.25
1.012
1.25
1.013
1.25
1.014
1.25
1.015
1.25
1.016
1.25
1.017
1.25
1.018
1.25
1.019
1.25
1.02
1.25
1.021
1.25
1.022
1.25
1.023
1.25
1.024
1.25
1.025
1.25
1.026
1.25
1.027
1.25
1.028
1.25
1.029
1.25
1.03
1.25
1.031
1.25
1.032
1.25
1.033
1.25
1.034
1.25
1.035
1.25
1.036
1.25
1.037
1.25
1.038
1.25
1.039
1.25
1.04
1.25
1.041
1.25
1.042
1.25
1.043
1.25
1.044
1.25
1.045
1.25
1.046
1.25
1.047
1.25
1.048
1.25
1.049
1.25
1.05
1.25
1.051
1.25
1.052
1.25
1.053
1.25
1.054
1.25
1.055
1.25
1.056
1.25
1.057
1.25
1.058
1.25
1.059
1.25
1.06
1.25
1.061
1.25
1.062
1.25
1.063
1.25
1.064
1.25
1.065
1.25
1.066
1.25
1.067
1.25
1.068
1.25
1.069
1.25
1.07
1.25
1.071
1.25
1.072
1.25
1.073
1.25
1.074
1.25
1.075
1.25
1.076
1.25
1.077
1.25
1.078
1.25
1.079
1.25
1.08
1.25
1.081
1.25
1.082
1.25
1.083
1.25
1.084
1.25
1.085
1.25
1.086
1.25
1.087
1.25
1.088
1.25
1.089
1.25
1.09
1.25
1.091
1.25
1.092
1.25
1.093
1.25
1.094
1.25
1.095
1.25
1.096
1.25
1.097
1.25
1.098
1.25
1.099
1.25
1.1
1.25
1.101
1.25
1.102
1.25
1.103
1.25
1.104
1.25
1.105
1.25
1.106
1.25
1.10701
1.25
1.10801
1.25
1.10901
1.25
1.11001
1.25
1.11101
1.25
1.11201
1.25
1.11301
1.25
1.11401
1.25
1.11501
1.25
1.11601
1.25
1.11701
1.25
1.11801
1.25
1.11901
1.25
1.12001
1.25
1.12101
1.25
1.12201
1.25
1.12301
1.25
1.12401
1.25
1.12501
1.25
1.12601
1.25
1.12701
1.25
1.12801
1.25
1.12901
1.25
1.13001
1.25
1.13101
1.25
1.13201
1.25
1.13301
1.25
1.13401
1.25
1.13501
1.25
1.13601
1.25
1.13701
1.25
1.13801
1.25
1.13901
1.25
1.14001
1.25
1.14101
1.25
1.14201
1.25
1.14301
1.25
1.14401
1.25
1.14501
1.25
1.14601
1.25
1.14701
1.25
1.14801
1.25
1.14901
1.25
1.15001
1.25
1.15101
1.25
1.15201
1.25
1.15301
1.25
1.15401
1.25
1.15501
1.25
1.15601
1.25
1.15701
1.25
1.15801
1.25
1.15901
1.25
1.16001
1.25
1.16101
1.25
1.16201
1.25
1.16301
1.25
1.16401
1.25
1.16501
1.25
1.16601
1.25
1.16701
1.25
1.16801
1.25
1.16901
1.25
1.17001
1.25
1.17101
1.25
1.17201
1.25
1.17301
1.25
1.17401
1.25
1.17501
1.25
1.17601
1.25
1.177
1.25
1.178
1.25
1.179
1.25
1.18
1.25
1.181
1.25
1.182
1.25
1.183
1.25
1.184
1.25
1.185
1.25
1.186
1.25
1.187
1.25
1.188
1.25
1.189
1.25
1.19
1.25
1.191
1.25
1.192
1.25
1.193
1.25
1.194
1.25
1.195
1.25
1.196
1.25
1.197
1.25
1.198
1.25
1.199
1.25
1.2
1.25
1.201
1.25
1.202
1.25
1.203
1.25
1.204
1.25
1.205
1.25
1.206
1.25
1.207
1.25
1.208
1.25
1.209
1.25
1.21
1.25
1.211
1.25
1.212
1.25
1.213
1.25
1.214
1.25
1.215
1.25
1.216
1.25
1.217
1.25
1.218
1.25
1.219
1.25
1.22
1.25
1.221
1.25
1.222
1.25
1.223
1.25
1.224
1.25
1.225
1.25
1.226
1.25
1.227
1.25
1.228
1.25
1.229
1.25
1.23
1.25
1.231
1.25
1.232
1.25
1.233
1.25
1.234
1.25
1.235
1.25
1.236
1.25
1.237
1.25
1.238
1.25
1.239
1.25
1.24
1.25
1.241
1.25
1.242
1.25
1.243
1.25
1.244
1.25
1.245
1.25
1.246
1.25
1.247
1.25
1.248
1.5
1.251
1.5
1.252
1.5
1.253
1.5
1.254
1.5
1.255
1.5
1.256
1.5
1.257
1.5
1.258
1.5
1.259
1.5
1.26
1.261
1.262
1.263
1.264
1.265
1.266
1.267
1.268
1.269
1.27
1.271
1.272
1.273
1.274
1.275
1.5
1.276
1.5
1.277
1.5
1.278
1.5
1.279
1.5
1.28
1.5
1.281
1.5
1.282
1.5
1.283
1.5
1.284
1.5
1.285
1.5
1.286
1.5
1.287
1.5
1.288
1.5
1.289
1.5
1.29
1.5
1.291
1.5
1.292
1.5
1.293
1.5
1.294
1.5
1.295
1.5
1.296
1.5
1.297
1.5
1.298
1.5
1.299
1.5
1.3
1.5
1.301
1.5
1.302
1.5
1.303
1.5
1.304
1.5
1.305
1.5
1.306
1.5
1.307
1.5
1.308
1.5
1.309
1.5
1.31
1.5
1.311
1.5
1.312
1.5
1.313
1.5
1.314
1.5
1.315
1.5
1.316
1.5
1.317
1.5
1.318
1.5
1.31899
1.5
1.31999
1.5
1.32099
1.5
1.32199
1.5
1.32299
1.5
1.32399
1.5
1.32499
1.5
1.32599
1.5
1.32699
1.5
1.32799
1.5
1.32899
1.5
1.32999
1.5
1.33099
1.5
1.33199
1.5
1.33299
1.5
1.33399
1.5
1.33499
1.5
1.33599
1.5
1.33699
1.5
1.33799
1.5
1.33899
1.5
1.33999
1.5
1.34099
1.5
1.34199
1.5
1.34299
1.5
1.34399
1.5
1.34499
1.5
1.34599
1.5
1.34699
1.5
1.34799
1.5
1.34899
1.5
1.34999
1.5
1.35099
1.5
1.35199
1.5
1.35299
1.5
1.35399
1.5
1.35499
1.5
1.35599
1.5
1.35699
1.5
1.35799
1.5
1.35899
1.5
1.35999
1.5
1.36099
1.5
1.36199
1.5
1.36299
1.5
1.36399
1.5
1.36499
1.5
1.36599
1.5
1.36699
1.5
1.36799
1.5
1.36899
1.5
1.36999
1.5
1.37099
1.5
1.37199
1.5
1.37299
1.5
1.37399
1.5
1.37499
1.5
1.37599
1.5
1.37699
1.5
1.37799
1.5
1.37899
1.5
1.37999
1.38099
1.38199
1.38299
1.38399
1.38499
1.38599
1.38699
1.38799
1.38899
1.38999
1.39099
1.39199
1.39299
1.39399
1.39499
1.39599
1.39699
1.39799
1.5
1.39899
1.5
1.39999
1.5
1.40099
1.5
1.40199
1.5
1.40299
1.5
1.40399
1.5
1.40499
1.5
1.40599
1.5
1.40699
1.5
1.40799
1.5
1.40899
1.5
1.40999
1.5
1.41099
1.5
1.41199
1.5
1.41299
1.5
1.41399
1.5
1.41499
1.5
1.41599
1.5
1.41699
1.5
1.41799
1.5
1.41899
1.5
1.41999
1.5
1.42099
1.5
1.42199
1.5
1.42299
1.5
1.42399
1.5
1.42499
1.5
1.42599
1.5
1.42699
1.5
1.42799
1.5
1.42899
1.5
1.42999
1.5
1.43099
1.5
1.43199
1.5
1.43299
1.5
1.43399
1.5
1.43499
1.5
1.43599
1.5
1.43699
1.5
1.43799
1.5
1.43899
1.5
1.43999
1.5
1.44099
1.5
1.44199
1.5
1.44299
1.5
1.44399
1.5
1.44499
1.5
1.44599
1.5
1.44699
1.5
1.44799
1.5
1.44899
1.5
1.44999
1.5
1.45099
1.5
1.45199
1.5
1.45299
1.5
1.45399
1.5
1.45499
1.5
1.45599
1.5
1.45698
1.5
1.45798
1.5
1.45898
1.5
1.45998
1.5
1.46098
1.5
1.46198
1.5
1.46298
1.5
1.46398
1.5
1.46498
1.5
1.46598
1.5
1.46698
1.5
1.46798
1.5
1.46898
1.5
1.46998
1.5
1.47098
1.5
1.47198
1.5
1.47298
1.5
1.47398
1.5
1.47498
1.5
1.47598
1.47698
1.47798
1.47898
1.47998
1.48098
1.48198
1.48298
1.48398
1.48498
1.48598
1.48698
1.48798
1.48898
1.48998
1.49098
1.49198
1.49298
1.49398
1.49498
1.49598
1.49698
1.49798
1.49898
1.49998
1.5
0
0
0
0
0
0
0
0
0
0
0
0
0
0
0
0
0
0
0
0
0
0
0
0
0
0
0
0
0
0
0
0
0
0
0
0
0
0
0
0
0
0
0
0
0
0
0
0
0
0
0
0
0
0
0
0
0
0
0
0
0
0
0
0
0
0
0
0
0
0
0
0
0
0
0
0
0
0
0
0
0
0
0
0
0
0
0
0
0
0
0
0
0
0
0
0
0
0
0
0
0
0
0
0
0
0
0
0
0
0
0
0
0
0
0
0
0
0
0
0
0
0
0
0
0
0
0
0
0
0
0
0
0
0
0
0
0
0
0
0
0
0
0
0
0
0
0
0
0
0
0
0
0
0
0
0
0
0
0
0
0
0
0
0
0
0
0
0
0
0
0
0
0
0
0
0
0
0
0
0
0
0
0
0
0
0
0
0
0
0
0
0
0
0
0
0
0
0
0
0
0
0
0
0
0
0
0
0
0
0
0
0
0
0
0
0
0
0
0
0
0
0
0
0
0
0
0
0
0
0
0
0
0
0
0
0
0
0
0
0
0
0
0
0
0
0
0
0
0
0
0
0
0
0
0
0
0
0
0
0
0
0
0
0
0
0
0
0
0
0
0
0
0
0
0
0
0
0
0
0
0
0
0
0
0
0
0
0
0
0
0
0
0
0
0
0
0
0
0
0
0
0
0
0
0
0
0
0
0
0
0
0
0
0
0
0
0
0
0
0
0
0
0
0
0
0
0
0
0
0
0
0
0
0
0
0
0
0
0
0
0
0
0
0
0
0
0
0
0
0
0
0
0
0
0
0
0
0
0
0
0
0
0
0
0
0
0
0
0
0
0
0
0
0
0
0
0
0
0
0
0
0
0
0
0
0
0
0
0
0
0
0
0
0
0
0
0
0
0
0
0
0
0
0
0
0
0
0
0
0
0
0
0
0
0
0
0
0
0
0
0
0
0
0
0
0
0
0
0
0
0
0
0
0
0
0
0
0
0
0
0
0
0
0
0
0
0
0
0
0
0
0
0
0
0
0
0
0
0
0
0
0
0
0
0
0
0
0
0
0
0
0
0
0
0
0
0
0
0
0
0
0
0
0
0
0
0
0
0
0
0
0
0
0
0
0
0
0
0
0
0
0
0
0
0
0
0
0
0
0
0
0
0
0
0
0
0
0
0
0
0
0
0
0
0
0
0
0
0
0
0
0
0
0
0
0
0
0
0
0
0
0
0
0
0
0
0
0
0
0
0
0
0
0
0
0
0
0
0
0
0
0
0
0
0
0
0
0
0
0
0
0
0
0
0
0
0
0
0
0
0
0
0
0
0
0
0
0
0
0
0
0
0
0
0
0
0
0
0
0
0
0
0
0
0
0
0
0
0
0
0
0
0
0
0
0
0
0
0
0
0
0
0
0
0
0
0
0
0
0
0
0
0
0
0
0
0
0
0
0
0
0
0
0
0
0
0
0
0
0
0
0
0
0
0
0
0
0
0
0
0
0
0
0
0
0
0
0
0
0
0
0
0
0
0
0
0
0
0
0
0
0
0
0
0
0
0
0
0
0
0
0
0
0
0
0
0
0
0
0
0
0
0
0
0
0
0
0
0
0
0
0
0
0
0
0
0
0
0
0
0
0
0
0
0
0
0
0
0
0
0
0
0
0
0
0
0
0
0
0
0
0
0
0
0
0
0
0
0
0
0
0
0
0
0
0
0
0
0
0
0
0
0
0
0
0
0
0
0
0
0
0
0
0
0
0
0
0
0
0
0
0
0
0
0
0
0
0
0
0
0
0
0
0
0
0
0
0
0
0
0
0
0
0
0
0
0
0
0
0
0
0
0
0
0
0
0
0
0
0
0
0
0
0
0
0
0
0
0
0
0
0
0
0
0
0
0
0
0
0
0
0
0
0
0
0
0
0
0
0
0
0
0
0
0
0
0
0
0
0
0
0
0
0
0
0
0
0
0
0
0
0
0
0
0
0
0
0
0
0
0
0
0
0
0
0
0
0
0
0
0
0
0
0
0
0
0
0
0
0
0
0
0
0
0
0
0
0
0
0
0
0
0
0
0
0
0
0
0
0
0
0
0
0
0
0
0
0
0
0
0
0
0
0
0
0
0
0
0
0
0
0
0
0
0
0
0
0
0
0
0
0
0
0
0
0
0
0
0
0
0
0
0
0
0
0
0
0
0
0
0
0
0
0
0
0
0
0
0
0
0
0
0
0
0
0
0
0
0
0
0
0
0
0
0
0
0
0
0
0
0
0
0
0
0
0
0
0
0
0
0
0
0
0
0
0
0
0
0
0
0
0
0
0
0
0
0
0
0
0
0
0
0
0
0
0
0
0
0
0
0
0
0
0
0
0
0
0
0
0
0
0
0
0
0
0
0
0
0
0
0
0
0
0
0
0
0
0
0
0
0
0
0
0
0
0
0
0
0
0
0
0
0
0
0
0
0
0
0
0
0
0
0
0
0
0
0
0
0
0
0
0
0
0
0
0
0
0
0
0
0
0
0
0
0
0
0
0
0
0
0
0
0
0
0
0
0
0
0
0
0
0
0
0
0
0
0
0
0
0
0
0
0
0
0
0
0
0
0
0
0
0
0
0
0
0
0
0
0
0
0
0
0
0
0
0
0
0
0
0
0
0
0
0
0
0
0
0
0
0
0
0
0
0
0
0
0
0
0
0
0
0
0
0
0
0
0
0
0
0
0
0
0
0
0
0
0
0
0
0
0
0
0
0
0
0
0
0
0
0
0
0
0
0
0
0
0
0
0
0
0
0
0
0
0
0
0
0
0
0
0
0
0
0
0
0
0
0
0
0
0
0
0
0
0
0
0
0
0
0
0
0
0
0
0
0
0
0
0
0
0
0
0
0
0
0
0
0
0
0
0
0
0
0
0
0
0
0
0
0
0
0
0
0
0
0
0
0
0
0
0
0
0
0
0
0
0
0
0
0
0
0
0
0
0
0
0
0
0
0
0
0
0
0
0
0
0
0
0
0
0
0
0
0
0
0
0
0
0
0
0
0
0
0
0
0
0
0
0
0
0
0
0
0
0
0
0
0
0
0
0
0
0
0
0
0
0
0
0
0
0
0
0
0
0
0
0
0
0
0
0
0
0
0
0
0
0
0
0
0
0
0
0
0
0
0
0
0
0
0
0
0
0
0
0
0
0
0
0
0
0
0
0
0
0
0
0
0
0
0
0
0
0
0
0
0
0
0
0
0
0
0
0
0
0
0
0
0
0
0
0
0
0
0
0
0
0
0
0
0
0
0
0
0
0
0
0
0
0
0
0
0
0
0
0
0
0
0
0
0
0
0
0
0
0
0
0
0
0
0
0
0
0
0
0
0
0
0
0
0
0
0
0
0
0
0
0
0
0
0
0
0
0
0
0
0
0
0
0
0
0
0
0
0
0
0
0
0
0
0
0
0
0
0
0
0
0
0
0
0
0
0
0
0
0
0
0
0
0
0
0
0
0
0
0
0
0
0
0
0
0
0
0
0
0
0
0
0
0
0
0
0
0
0
0
0
0
0
0
0
0
0
0
0
0
0
0
0
0
0
0
0
0
0
0
0
0
0
0
0
0
0
0
0
0
0
0
0
0
0
0
0
0
0
0
0
0
0
0
0
0
0
0
0
0
0
0
0
0
0
0
0
0
0
0
0
0
0
0
0
0
0
0
0
0
0
0
0
0
0
0
0
0
0
0
0
0
0
0
0
0
0
0
0
0
0
0
0
0
0
0
0
0
0
0
0
0
0
0
0
0
0
0
0
0
0
0
0
0
0
0
0
0
0
0
0
0
0
0
0
0
0
0
0
0
0
0
0
0
0
0
0
0
0
0
0
0
0
0
0
0
0
0
0
0
0
0
0
0
0
0
0
0
0
0
0
0
0
0
0
0
0
0
0
0
0
0
0
0
0
0
0
0
0
0
0
0
0
0
0
0
0
0
0
0
0
0
0
0
0
0
0
0
0
0
0
0
0
0
0
0
0
0
0
0
0
0
0
0
0
0
0
0
0
0
0
0
0
0
0
0
0
0
0
0
0
0
0
0
0
0
0
0
0
0
0
0
0
0
0
0
0
0
0
0
0
0
0
0
0
0
0
0
0
0
0
0
0
0
0
0
0
0
0
0
0
0
0
0
0
0
0
0
0
0
0
0
0
0
0
0
0
0
0
0
0
0
0
0
0
0
0
0
0
0
0
0
0
0
0
0
0
0
0
0
0
0
