0.005
0.006
0.007
0.008
0.009
0.01
0.011
0.012
0.013
0.014
0.015
0.016
0.017
0.018
0.019
0.02
0.021
0.022
0.023
0.024
0.025
0.026
0.027
0.028
0.029
0.03
0.031
0.032
0.033
0.034
0.035
0.036
0.037
0.038
0.039
0.04
0.041
0.042
0.043
0.044
0.045
0.046
0.047
0.048
0.049
0.05
0.051
0.052
0.053
0.054
0.055
0.056
0.057
0.058
0.059
0.06
0.061
0.062
0.0629999
0.064
0.065
0.066
0.067
0.068
0.069
0.07
0.071
0.072
0.073
0.074
0.075
0.076
0.077
0.078
0.079
0.08
0.081
0.082
0.083
0.084
0.085
0.086
0.087
0.088
0.089
0.09
0.091
0.092
0.093
0.094
0.095
0.096
0.097
0.098
0.099
0.1
0.101
0.102
0.103
0.104
0.105
0.106
0.107
0.108
0.109
0.11
0.111
0.112
0.113
0.114
0.115
0.116
0.117
0.118
0.119
0.12
0.121
0.122
0.123
0.124
0.125
0.126
0.127
0.128
0.129
0.13
0.131
0.132
0.133
0.134
0.135
0.136
0.137
0.138
0.139
0.14
0.141
0.142
0.143
0.144
0.145
0.146
0.147
0.148
0.149
0.15
0.151
0.152
0.153
0.154
0.155
0.156
0.157
0.158
0.159
0.16
0.161
0.162
0.163
0.164
0.165
0.166
0.167
0.168
0.169
0.17
0.171
0.172
0.173
0.174
0.175
0.176
0.177
0.178
0.179
0.18
0.181
0.182
0.183
0.184
0.185
0.186
0.187
0.188
0.189
0.19
0.191
0.192
0.193
0.194
0.195
0.196
0.197
0.198
0.199
0.2
0.201
0.202
0.203
0.204
0.205
0.206
0.207
0.208
0.209
0.21
0.211
0.212
0.213
0.214
0.215
0.216
0.217
0.218
0.219
0.22
0.221
0.222
0.223
0.224
0.225
0.226
0.227
0.228
0.229
0.23
0.231
0.232
0.233
0.234
0.235
0.236
0.237
0.238
0.239
0.24
0.241
0.242
0.243
0.244
0.245
0.246
0.247
0.248
0.249
0.25
0.251
0.252
0.253
0.254
0.255
0.256
0.257
0.258
0.259
0.26
0.261
0.262
0.263
0.264
0.265
0.266
0.267
0.268
0.269
0.27
0.271
0.272
0.273
0.274
0.275
0.276
0.277
0.278
0.279
0.28
0.281
0.282
0.283
0.284
0.285
0.286
0.287
0.288
0.289
0.29
0.291
0.292
0.293
0.294
0.295
0.296
0.297
0.298
0.299
0.3
0.301
0.302
0.303
0.304
0.305
0.306
0.307
0.308
0.309
0.31
0.311
0.312
0.313
0.314
0.314999
0.315999
0.316999
0.317999
0.318999
0.319999
0.320999
0.321999
0.322999
0.323999
0.324999
0.325999
0.326999
0.327999
0.328999
0.329999
0.330999
0.331999
0.332999
0.333999
0.334999
0.335999
0.336999
0.337999
0.338999
0.339999
0.340999
0.341999
0.342999
0.343999
0.344999
0.345999
0.346999
0.347999
0.348999
0.349999
0.350999
0.351999
0.352999
0.353999
0.354999
0.355999
0.356999
0.357999
0.358999
0.359999
0.360999
0.361999
0.362999
0.363999
0.364999
0.365999
0.366999
0.367999
0.368999
0.369999
0.370999
0.371999
0.372999
0.373999
0.374999
0.375999
0.376999
0.377999
0.378999
0.379999
0.380999
0.381999
0.382999
0.383999
0.384999
0.385999
0.386999
0.387999
0.388999
0.389999
0.390999
0.391998
0.392998
0.393998
0.394998
0.395998
0.396998
0.397998
0.398998
0.399998
0.400998
0.401998
0.402998
0.403998
0.404998
0.405998
0.406998
0.407998
0.408998
0.409998
0.410998
0.411998
0.412998
0.413998
0.414998
0.415998
0.416998
0.417998
0.418998
0.419998
0.420998
0.421998
0.422998
0.423998
0.424998
0.425998
0.426998
0.427998
0.428998
0.429998
0.430998
0.431998
0.432998
0.433998
0.434998
0.435998
0.436998
0.437998
0.438998
0.439998
0.440998
0.441998
0.442998
0.443998
0.444998
0.445998
0.446998
0.447998
0.448998
0.449998
0.450998
0.451998
0.452998
0.453998
0.454998
0.455998
0.456998
0.457998
0.458998
0.459998
0.460998
0.461998
0.462998
0.463998
0.464998
0.465998
0.466998
0.467998
0.468998
0.469997
0.470997
0.471997
0.472997
0.473997
0.474997
0.475997
0.476997
0.477997
0.478997
0.479997
0.480997
0.481997
0.482997
0.483997
0.484997
0.485997
0.486997
0.487997
0.488997
0.489997
0.490997
0.491997
0.492997
0.493997
0.494997
0.495997
0.496997
0.497997
0.498997
0.499997
0.500997
0.501997
0.502997
0.503997
0.504997
0.505997
0.506997
0.507997
0.508997
0.509997
0.510997
0.511997
0.512997
0.513997
0.514997
0.515997
0.516997
0.517997
0.518997
0.519997
0.520997
0.521997
0.522997
0.523997
0.524997
0.525997
0.526997
0.527997
0.528997
0.529997
0.530997
0.531997
0.532997
0.533997
0.534997
0.535997
0.536997
0.537997
0.538997
0.539997
0.540997
0.541997
0.542997
0.543997
0.544997
0.545997
0.546997
0.547997
0.548997
0.549996
0.550996
0.551996
0.552996
0.553996
0.554996
0.555996
0.556996
0.557996
0.558996
0.559996
0.560996
0.561996
0.562996
0.563996
0.564996
0.565996
0.566996
0.567996
0.568996
0.569996
0.570996
0.571996
0.572996
0.573996
0.574996
0.575996
0.576996
0.577996
0.578996
0.579996
0.580996
0.581996
0.582996
0.583996
0.584996
0.585996
0.586996
0.587996
0.588996
0.589996
0.590996
0.591996
0.592996
0.593996
0.594996
0.595996
0.596996
0.597996
0.598996
0.599996
0.600996
0.601996
0.602996
0.603996
0.604996
0.605996
0.606996
0.607996
0.608996
0.609996
0.610996
0.611996
0.612996
0.613996
0.614996
0.615996
0.616996
0.617996
0.618996
0.619996
0.620996
0.621996
0.622996
0.623996
0.624996
0.625996
0.626996
0.627995
0.628995
0.629995
0.630995
0.631995
0.632995
0.633995
0.634995
0.635995
0.636995
0.637995
0.638995
0.639995
0.640995
0.641995
0.642995
0.643995
0.644995
0.645995
0.646995
0.647995
0.648995
0.649995
0.650995
0.651995
0.652995
0.653995
0.654995
0.655995
0.656995
0.657995
0.658995
0.659995
0.660995
0.661995
0.662995
0.663995
0.664995
0.665995
0.666995
0.667995
0.668995
0.669995
0.670995
0.671995
0.672995
0.673995
0.674995
0.675995
0.676995
0.677995
0.678995
0.679995
0.680995
0.681995
0.682995
0.683995
0.684995
0.685995
0.686995
0.687995
0.688995
0.689995
0.690995
0.691995
0.692995
0.693995
0.694995
0.695995
0.696995
0.697995
0.698995
0.699995
0.700995
0.701995
0.702995
0.703995
0.704994
0.705994
0.706994
0.707994
0.708994
0.709994
0.710994
0.711994
0.712994
0.713994
0.714994
0.715994
0.716994
0.717994
0.718994
0.719994
0.720994
0.721994
0.722994
0.723994
0.724994
0.725994
0.726994
0.727994
0.728994
0.729994
0.730994
0.731994
0.732994
0.733994
0.734994
0.735994
0.736994
0.737994
0.738994
0.739994
0.740994
0.741994
0.742994
0.743994
0.744994
0.745994
0.746994
0.747994
0.748994
0.749994
0.750994
0.751994
0.752994
0.753994
0.754994
0.755994
0.756994
0.757994
0.758994
0.759994
0.760994
0.761994
0.762994
0.763994
0.764994
0.765994
0.766994
0.767994
0.768994
0.769994
0.770994
0.771994
0.772994
0.773994
0.774994
0.775994
0.776994
0.777994
0.778994
0.779994
0.780994
0.781994
0.782993
0.783993
0.784993
0.785993
0.786993
0.787993
0.788993
0.789993
0.790993
0.791993
0.792993
0.793993
0.794993
0.795993
0.796993
0.797993
0.798993
0.799993
0.800993
0.801993
0.802993
0.803993
0.804993
0.805993
0.806993
0.807993
0.808993
0.809993
0.810993
0.811993
0.812993
0.813993
0.814993
0.815993
0.816993
0.817993
0.818993
0.819993
0.820993
0.821993
0.822993
0.823993
0.824993
0.825993
0.826993
0.827993
0.828993
0.829993
0.830993
0.831993
0.832993
0.833993
0.834993
0.835993
0.836993
0.837993
0.838993
0.839993
0.840993
0.841993
0.842993
0.843993
0.844993
0.845993
0.846993
0.847993
0.848993
0.849993
0.850993
0.851993
0.852993
0.853993
0.854993
0.855993
0.856993
0.857993
0.858993
0.859993
0.860992
0.861992
0.862992
0.863992
0.864992
0.865992
0.866992
0.867992
0.868992
0.869992
0.870992
0.871992
0.872992
0.873992
0.874992
0.875992
0.876992
0.877992
0.878992
0.879992
0.880992
0.881992
0.882992
0.883992
0.884992
0.885992
0.886992
0.887992
0.888992
0.889992
0.890992
0.891992
0.892992
0.893992
0.894992
0.895992
0.896992
0.897992
0.898992
0.899992
0.900992
0.901992
0.902992
0.903992
0.904992
0.905992
0.906992
0.907992
0.908992
0.909992
0.910992
0.911992
0.912992
0.913992
0.914992
0.915992
0.916992
0.917992
0.918992
0.919992
0.920992
0.921992
0.922992
0.923992
0.924992
0.925992
0.926992
0.927992
0.928992
0.929992
0.930992
0.931992
0.932992
0.933992
0.934992
0.935992
0.936992
0.937991
0.938991
0.939991
0.940991
0.941991
0.942991
0.943991
0.944991
0.945991
0.946991
0.947991
0.948991
0.949991
0.950991
0.951991
0.952991
0.953991
0.954991
0.955991
0.956991
0.957991
0.958991
0.959991
0.960991
0.961991
0.962991
0.963991
0.964991
0.965991
0.966991
0.967991
0.968991
0.969991
0.970991
0.971991
0.972991
0.973991
0.974991
0.975991
0.976991
0.977991
0.978991
0.979991
0.980991
0.981991
0.982991
0.983991
0.984991
0.985991
0.986991
0.987991
0.988991
0.989991
0.990991
0.991991
0.992991
0.993991
0.994991
0.995991
0.996991
0.997991
0.998991
0.999991
1.00099
1.00199
1.00299
1.00399
1.00499
1.00599
1.00699
1.00799
1.00899
1.00999
1.01099
1.01199
1.01299
1.01399
1.01499
1.01599
1.01699
1.01799
1.01899
1.01999
1.02099
1.02199
1.02299
1.02399
1.02499
1.02599
1.02699
1.02799
1.02899
1.02999
1.03099
1.03199
1.03299
1.03399
1.03499
1.03599
1.03699
1.03799
1.03899
1.03999
1.04099
1.04199
1.04299
1.04399
1.04499
1.04599
1.04699
1.04799
1.04899
1.04999
1.05099
1.05199
1.05299
1.05399
1.05499
1.05599
1.05699
1.05799
1.05899
1.05999
1.06099
1.06199
1.06299
1.06399
1.06499
1.06599
1.06699
1.06799
1.06899
1.06999
1.07099
1.07199
1.07299
1.07399
1.07499
1.07599
1.07699
1.07799
1.07899
1.07999
1.08099
1.08199
1.08299
1.08399
1.08499
1.08599
1.08699
1.08799
1.08899
1.08999
1.09099
1.092
1.093
1.094
1.095
1.096
1.097
1.098
1.099
1.1
1.101
1.102
1.103
1.104
1.105
1.106
1.107
1.108
1.109
1.11
1.111
1.112
1.113
1.114
1.115
1.116
1.117
1.118
1.119
1.12
1.121
1.122
1.123
1.124
1.125
1.126
1.127
1.128
1.129
1.13
1.131
1.132
1.133
1.134
1.135
1.136
1.137
1.138
1.139
1.14
1.141
1.142
1.143
1.144
1.145
1.146
1.147
1.148
1.149
1.15
1.151
1.152
1.153
1.154
1.155
1.156
1.157
1.158
1.159
1.16
1.161
1.162
1.163
1.164
1.165
1.166
1.167
1.168
1.169
1.17
1.171
1.172
1.173
1.174
1.175
1.176
1.177
1.178
1.179
1.18
1.181
1.182
1.183
1.184
1.185
1.186
1.187
1.188
1.189
1.19
1.191
1.192
1.193
1.194
1.195
1.196
1.197
1.198
1.199
1.2
1.201
1.202
1.203
1.204
1.205
1.206
1.207
1.208
1.209
1.21
1.211
1.212
1.213
1.214
1.215
1.216
1.217
1.218
1.219
1.22
1.221
1.222
1.223
1.224
1.225
1.226
1.227
1.228
1.229
1.23
1.231
1.232
1.233
1.234
1.235
1.236
1.237
1.238
1.239
1.24
1.241
1.242
1.243
1.244
1.245
1.246
1.247
1.248
1.249
1.25
1.251
1.252
1.253
1.254
1.255
1.256
1.257
1.258
1.259
1.26
1.261
1.262
1.263
1.264
1.265
1.266
1.267
1.268
1.269
1.27
1.271
1.272
1.273
1.274
1.275
1.276
1.277
1.278
1.279
1.28
1.281
1.282
1.283
1.284
1.285
1.286
1.287
1.288
1.289
1.29
1.291
1.292
1.293
1.294
1.295
1.296
1.297
1.298
1.299
1.3
1.301
1.302
1.303
1.304
1.305
1.30601
1.30701
1.30801
1.30901
1.31001
1.31101
1.31201
1.31301
1.31401
1.31501
1.31601
1.31701
1.31801
1.31901
1.32001
1.32101
1.32201
1.32301
1.32401
1.32501
1.32601
1.32701
1.32801
1.32901
1.33001
1.33101
1.33201
1.33301
1.33401
1.33501
1.33601
1.33701
1.33801
1.33901
1.34001
1.34101
1.34201
1.34301
1.34401
1.34501
1.34601
1.34701
1.34801
1.34901
1.35001
1.35101
1.35201
1.35301
1.35401
1.35501
1.35601
1.35701
1.35801
1.35901
1.36001
1.36101
1.36201
1.36301
1.36401
1.36501
1.36601
1.36701
1.36801
1.36901
1.37001
1.37101
1.37201
1.37301
1.37401
1.37501
1.37601
1.37701
1.37801
1.37901
1.38001
1.38101
1.38201
1.38301
1.38401
1.38501
1.38601
1.38701
1.38801
1.38901
1.39001
1.39101
1.39201
1.39301
1.39401
1.39501
1.39601
1.39701
1.39801
1.39901
1.40001
1.40101
1.40201
1.40301
1.40401
1.40501
1.40601
1.40701
1.40801
1.40901
1.41001
1.41101
1.41201
1.41301
1.41401
1.41501
1.41601
1.41701
1.41801
1.41901
1.42001
1.42101
1.42201
1.42301
1.42401
1.42501
1.42601
1.42701
1.42801
1.42901
1.43001
1.43101
1.43201
1.43301
1.43401
1.43501
1.43601
1.43701
1.43801
1.43901
1.44001
1.44101
1.44201
1.44301
1.44401
1.44501
1.44601
1.44701
1.44801
1.44901
1.45001
1.45101
1.45201
1.45301
1.45401
1.45501
1.45601
1.45701
1.45801
1.45901
1.46001
1.46101
1.46201
1.46301
1.46401
1.46501
1.46601
1.46701
1.46801
1.46901
1.47001
1.47101
1.47201
1.47301
1.47401
1.47501
1.47601
1.47701
1.47801
1.47901
1.48001
1.48101
1.48201
1.48301
1.48401
1.48501
1.48601
1.48701
1.48801
1.48901
1.49001
1.49101
1.49201
1.49301
1.49401
1.49501
1.49601
1.49701
1.49801
1.49901
1.50001
1.50101
1.50201
1.50301
1.50401
1.50501
1.50601
1.50701
1.50801
1.50901
1.51001
1.51101
1.51201
1.51301
1.51401
1.51501
1.51601
1.51701
1.51801
1.51901
1.52002
1.52102
1.52202
1.52302
1.52402
1.52502
1.52602
1.52702
1.52802
1.52902
1.53002
1.53102
1.53202
1.53302
1.53402
1.53502
1.53602
1.53702
1.53802
1.53902
1.54002
1.54102
1.54202
1.54302
1.54402
1.54502
1.54602
1.54702
1.54802
1.54902
1.55002
1.55102
1.55202
1.55302
1.55402
1.55502
1.55602
1.55702
1.55802
1.55902
1.56002
1.56102
1.56202
1.56302
1.56402
1.56502
1.56602
1.56702
1.56802
1.56902
1.57002
1.57102
1.57202
1.57302
1.57402
1.57502
1.57602
1.57702
1.57802
1.57902
1.58002
1.58102
1.58202
1.58302
1.58402
1.58502
1.58602
1.58702
1.58802
1.58902
1.59002
1.59102
1.59202
1.59302
1.59402
1.59502
1.59602
1.59702
1.59802
1.59902
1.60002
1.60102
1.60202
1.60302
1.60402
1.60502
1.60602
1.60702
1.60802
1.60902
1.61002
1.61102
1.61202
1.61302
1.61402
1.61502
1.61602
1.61702
1.61802
1.61902
1.62002
1.62102
1.62202
1.62302
1.62402
1.62502
1.62602
1.62702
1.62802
1.62902
1.63002
1.63102
1.63202
1.63302
1.63402
1.63502
1.63602
1.63702
1.63802
1.63902
1.64002
1.64102
1.64202
1.64302
1.64402
1.64502
1.64602
1.64702
1.64802
1.64902
1.65002
1.65102
1.65202
1.65302
1.65402
1.65502
1.65602
1.65702
1.65802
1.65902
1.66002
1.66102
1.66202
1.66302
1.66402
1.66502
1.66602
1.66702
1.66802
1.66902
1.67002
1.67102
1.67202
1.67302
1.67402
1.67502
1.67602
1.67702
1.67802
1.67902
1.68002
1.68102
1.68202
1.68302
1.68402
1.68502
1.68602
1.68702
1.68802
1.68902
1.69002
1.69102
1.69202
1.69302
1.69402
1.69502
1.69602
1.69702
1.69802
1.69902
1.70002
1.70102
1.70202
1.70302
1.70402
1.70502
1.70602
1.70702
1.70802
1.70902
1.71002
1.71102
1.71202
1.71302
1.71402
1.71502
1.71602
1.71702
1.71802
1.71902
1.72002
1.72102
1.72202
1.72302
1.72402
1.72502
1.72602
1.72702
1.72802
1.72902
1.73002
1.73102
1.73202
1.73302
1.73403
1.73503
1.73603
1.73703
1.73803
1.73903
1.74003
1.74103
1.74203
1.74303
1.74403
1.74503
1.74603
1.74703
1.74803
1.74903
1.75003
1.75103
1.75203
1.75303
1.75403
1.75503
1.75603
1.75703
1.75803
1.75903
1.76003
1.76103
1.76203
1.76303
1.76403
1.76503
1.76603
1.76703
1.76803
1.76903
1.77003
1.77103
1.77203
1.77303
1.77403
1.77503
1.77603
1.77703
1.77803
1.77903
1.78003
1.78103
1.78203
1.78303
1.78403
1.78503
1.78603
1.78703
1.78803
1.78903
1.79003
1.79103
1.79203
1.79303
1.79403
1.79503
1.79603
1.79703
1.79803
1.79903
1.80003
1.80103
1.80203
1.80303
1.80403
1.80503
1.80603
1.80703
1.80803
1.80903
1.81003
1.81103
1.81203
1.81303
1.81403
1.81503
1.81603
1.81703
1.81803
1.81903
1.82003
1.82103
1.82203
1.82303
1.82403
1.82503
1.82603
1.82703
1.82803
1.82903
1.83003
1.83103
1.83203
1.83303
1.83403
1.83503
1.83603
1.83703
1.83803
1.83903
1.84003
1.84103
1.84203
1.84303
1.84403
1.84503
1.84603
1.84703
1.84803
1.84903
1.85003
1.85103
1.85203
1.85303
1.85403
1.85503
1.85603
1.85703
1.85803
1.85903
1.86003
1.86103
1.86203
1.86303
1.86403
1.86503
1.86603
1.86703
1.86803
1.86903
1.87003
1.87103
1.87203
1.87303
1.87403
1.87503
1.87603
1.87703
1.87803
1.87903
1.88003
1.88103
1.88203
1.88303
1.88403
1.88503
1.88603
1.88703
1.88803
1.88903
1.89003
1.89103
1.89203
1.89303
1.89403
1.89503
1.89603
1.89703
1.89803
1.89903
1.90003
1.90103
1.90203
1.90303
1.90403
1.90503
1.90603
1.90703
1.90803
1.90903
1.91003
1.91103
1.91203
1.91303
1.91403
1.91503
1.91603
1.91703
1.91803
1.91903
1.92003
1.92103
1.92203
1.92303
1.92403
1.92503
1.92603
1.92703
1.92803
1.92903
1.93003
1.93103
1.93203
1.93303
1.93403
1.93503
1.93603
1.93703
1.93803
1.93903
1.94003
1.94103
1.94203
1.94303
1.94403
1.94503
1.94603
1.94703
1.94804
1.94904
1.95004
1.95104
1.95204
1.95304
1.95404
1.95504
1.95604
1.95704
1.95804
1.95904
1.96004
1.96104
1.96204
1.96304
1.96404
1.96504
1.96604
1.96704
1.96804
1.96904
1.97004
1.97104
1.97204
1.97304
1.97404
1.97504
1.97604
1.97704
1.97804
1.97904
1.98004
1.98104
1.98204
1.98304
1.98404
1.98504
1.98604
1.98704
1.98804
1.98904
1.99004
1.99104
1.99204
1.99304
1.99404
1.99504
1.99604
1.99704
1.99804
1.99904
2.00004
2.00104
2.00204
2.00304
2.00404
2.00504
2.00604
2.00704
2.00804
2.00904
2.01004
2.01104
2.01204
2.01304
2.01404
2.01504
2.01604
2.01704
2.01804
2.01904
2.02004
2.02104
2.02204
2.02304
2.02404
2.02504
2.02604
2.02704
2.02804
2.02904
2.03004
2.03104
2.03204
2.03304
2.03403
2.03503
2.03603
2.03703
2.03803
2.03903
2.04003
2.04103
2.04203
2.04303
2.04403
2.04503
2.04603
2.04703
2.04803
2.04903
2.05003
2.05103
2.05203
2.05303
2.05403
2.05503
2.05603
2.05703
2.05803
2.05903
2.06003
2.06103
2.06203
2.06303
2.06403
2.06503
2.06603
2.06703
2.06803
2.06903
2.07003
2.07103
2.07203
2.07303
2.07403
2.07503
2.07603
2.07703
2.07803
2.07903
2.08003
2.08103
2.08203
2.08303
2.08403
2.08503
2.08603
2.08703
2.08803
2.08903
2.09003
2.09103
2.09203
2.09303
2.09403
2.09503
2.09603
2.09703
2.09803
2.09903
2.10003
2.10103
2.10203
2.10303
2.10403
2.10503
2.10603
2.10703
2.10803
2.10903
2.11003
2.11103
2.11203
2.11303
2.11403
2.11503
2.11603
2.11703
2.11803
2.11903
2.12003
2.12103
2.12203
2.12303
2.12403
2.12503
2.12603
2.12703
2.12803
2.12903
2.13003
2.13103
2.13203
2.13303
2.13403
2.13503
2.13603
2.13703
2.13803
2.13903
2.14003
2.14103
2.14203
2.14303
2.14403
2.14503
2.14603
2.14703
2.14803
2.14903
2.15003
2.15103
2.15203
2.15303
2.15403
2.15503
2.15603
2.15703
2.15803
2.15903
2.16003
2.16103
2.16203
2.16303
2.16403
2.16503
2.16603
2.16703
2.16803
2.16903
2.17003
2.17103
2.17202
2.17302
2.17402
2.17502
2.17602
2.17702
2.17802
2.17902
2.18002
2.18102
2.18202
2.18302
2.18402
2.18502
2.18602
2.18702
2.18802
2.18902
2.19002
2.19102
2.19202
2.19302
2.19402
2.19502
2.19602
2.19702
2.19802
2.19902
2.20002
2.20102
2.20202
2.20302
2.20402
2.20502
2.20602
2.20702
2.20802
2.20902
2.21002
2.21102
2.21202
2.21302
2.21402
2.21502
2.21602
2.21702
2.21802
2.21902
2.22002
2.22102
2.22202
2.22302
2.22402
2.22502
2.22602
2.22702
2.22802
2.22902
2.23002
2.23102
2.23202
2.23302
2.23402
2.23502
2.23602
2.23702
2.23802
2.23902
2.24002
2.24102
2.24202
2.24302
2.24402
2.24502
2.24602
2.24702
2.24802
2.24902
2.25002
2.25102
2.25202
2.25302
2.25402
2.25502
2.25602
2.25702
2.25802
2.25902
2.26002
2.26102
2.26202
2.26302
2.26402
2.26502
2.26602
2.26702
2.26802
2.26902
2.27002
2.27102
2.27202
2.27302
2.27402
2.27502
2.27602
2.27702
2.27802
2.27902
2.28002
2.28102
2.28202
2.28302
2.28402
2.28502
2.28602
2.28702
2.28802
2.28902
2.29002
2.29102
2.29202
2.29302
2.29402
2.29502
2.29602
2.29702
2.29802
2.29902
2.30002
2.30102
2.30202
2.30302
2.30402
2.30502
2.30602
2.30702
2.30802
2.30902
2.31001
2.31101
2.31201
2.31301
2.31401
2.31501
2.31601
2.31701
2.31801
2.31901
2.32001
2.32101
2.32201
2.32301
2.32401
2.32501
2.32601
2.32701
2.32801
2.32901
2.33001
2.33101
2.33201
2.33301
2.33401
2.33501
2.33601
2.33701
2.33801
2.33901
2.34001
2.34101
2.34201
2.34301
2.34401
2.34501
2.34601
2.34701
2.34801
2.34901
2.35001
2.35101
2.35201
2.35301
2.35401
2.35501
2.35601
2.35701
2.35801
2.35901
2.36001
2.36101
2.36201
2.36301
2.36401
2.36501
2.36601
2.36701
2.36801
2.36901
2.37001
2.37101
2.37201
2.37301
2.37401
2.37501
2.37601
2.37701
2.37801
2.37901
2.38001
2.38101
2.38201
2.38301
2.38401
2.38501
2.38601
2.38701
2.38801
2.38901
2.39001
2.39101
2.39201
2.39301
2.39401
2.39501
2.39601
2.39701
2.39801
2.39901
2.40001
2.40101
2.40201
2.40301
2.40401
2.40501
2.40601
2.40701
2.40801
2.40901
2.41001
2.41101
2.41201
2.41301
2.41401
2.41501
2.41601
2.41701
2.41801
2.41901
2.42001
2.42101
2.42201
2.42301
2.42401
2.42501
2.42601
2.42701
2.42801
2.42901
2.43001
2.43101
2.43201
2.43301
2.43401
2.43501
2.43601
2.43701
2.43801
2.43901
2.44001
2.44101
2.44201
2.44301
2.44401
2.44501
2.44601
2.44701
2.448
2.449
2.45
2.451
2.452
2.453
2.454
2.455
2.456
2.457
2.458
2.459
2.46
2.461
2.462
2.463
2.464
2.465
2.466
2.467
2.468
2.469
2.47
2.471
2.472
2.473
2.474
2.475
2.476
2.477
2.478
2.479
2.48
2.481
2.482
2.483
2.484
2.485
2.486
2.487
2.488
2.489
2.49
2.491
2.492
2.493
2.494
2.495
2.496
2.497
2.498
2.499
2.5
2.501
2.502
2.503
2.504
2.505
2.506
2.507
2.508
2.509
2.51
2.511
2.512
2.513
2.514
2.515
2.516
2.517
2.518
2.519
2.52
2.521
2.522
2.523
2.524
2.525
2.526
2.527
2.528
2.529
2.53
2.531
2.532
2.533
2.534
2.535
2.536
2.537
2.538
2.539
2.54
2.541
2.542
2.543
2.544
2.545
2.546
2.547
2.548
2.549
2.55
2.551
2.552
2.553
2.554
2.555
2.556
2.557
2.558
2.559
2.56
2.561
2.562
2.563
2.564
2.565
2.566
2.567
2.568
2.569
2.57
2.571
2.572
2.573
2.574
2.575
2.576
2.577
2.578
2.579
2.58
2.581
2.582
2.583
2.584
2.585
2.58599
2.58699
2.58799
2.58899
2.58999
2.59099
2.59199
2.59299
2.59399
2.59499
2.59599
2.59699
2.59799
2.59899
2.59999
2.60099
2.60199
2.60299
2.60399
2.60499
2.60599
2.60699
2.60799
2.60899
2.60999
2.61099
2.61199
2.61299
2.61399
2.61499
2.61599
2.61699
2.61799
2.61899
2.61999
2.62099
2.62199
2.62299
2.62399
2.62499
2.62599
2.62699
2.62799
2.62899
2.62999
2.63099
2.63199
2.63299
2.63399
2.63499
2.63599
2.63699
2.63799
2.63899
2.63999
2.64099
2.64199
2.64299
2.64399
2.64499
2.64599
2.64699
2.64799
2.64899
2.64999
2.65099
2.65199
2.65299
2.65399
2.65499
2.65599
2.65699
2.65799
2.65899
2.65999
2.66099
2.66199
2.66299
2.66399
2.66499
2.66599
2.66699
2.66799
2.66899
2.66999
2.67099
2.67199
2.67299
2.67399
2.67499
2.67599
2.67699
2.67799
2.67899
2.67999
2.68099
2.68199
2.68299
2.68399
2.68499
2.68599
2.68699
2.68799
2.68899
2.68999
2.69099
2.69199
2.69299
2.69399
2.69499
2.69599
2.69699
2.69799
2.69899
2.69999
2.70099
2.70199
2.70299
2.70399
2.70499
2.70599
2.70699
2.70799
2.70899
2.70999
2.71099
2.71199
2.71299
2.71399
2.71499
2.71599
2.71699
2.71799
2.71899
2.71999
2.72099
2.72199
2.72299
2.72398
2.72498
2.72598
2.72698
2.72798
2.72898
2.72998
2.73098
2.73198
2.73298
2.73398
2.73498
2.73598
2.73698
2.73798
2.73898
2.73998
2.74098
2.74198
2.74298
2.74398
2.74498
2.74598
2.74698
2.74798
2.74898
2.74998
2.75098
2.75198
2.75298
2.75398
2.75498
2.75598
2.75698
2.75798
2.75898
2.75998
2.76098
2.76198
2.76298
2.76398
2.76498
2.76598
2.76698
2.76798
2.76898
2.76998
2.77098
2.77198
2.77298
2.77398
2.77498
2.77598
2.77698
2.77798
2.77898
2.77998
2.78098
2.78198
2.78298
2.78398
2.78498
2.78598
2.78698
2.78798
2.78898
2.78998
2.79098
2.79198
2.79298
2.79398
2.79498
2.79598
2.79698
2.79798
2.79898
2.79998
2.80098
2.80198
2.80298
2.80398
2.80498
2.80598
2.80698
2.80798
2.80898
2.80998
2.81098
2.81198
2.81298
2.81398
2.81498
2.81598
2.81698
2.81798
2.81898
2.81998
2.82098
2.82198
2.82298
2.82398
2.82498
2.82598
2.82698
2.82798
2.82898
2.82998
2.83098
2.83198
2.83298
2.83398
2.83498
2.83598
2.83698
2.83798
2.83898
2.83998
2.84098
2.84198
2.84298
2.84398
2.84498
2.84598
2.84698
2.84798
2.84898
2.84998
2.85098
2.85198
2.85298
2.85398
2.85498
2.85598
2.85698
2.85798
2.85898
2.85998
2.86098
2.86197
2.86297
2.86397
2.86497
2.86597
2.86697
2.86797
2.86897
2.86997
2.87097
2.87197
2.87297
2.87397
2.87497
2.87597
2.87697
2.87797
2.87897
2.87997
2.88097
2.88197
2.88297
2.88397
2.88497
2.88597
2.88697
2.88797
2.88897
2.88997
2.89097
2.89197
2.89297
2.89397
2.89497
2.89597
2.89697
2.89797
2.89897
2.89997
2.90097
2.90197
2.90297
2.90397
2.90497
2.90597
2.90697
2.90797
2.90897
2.90997
2.91097
2.91197
2.91297
2.91397
2.91497
2.91597
2.91697
2.91797
2.91897
2.91997
2.92097
2.92197
2.92297
2.92397
2.92497
2.92597
2.92697
2.92797
2.92897
2.92997
2.93097
2.93197
2.93297
2.93397
2.93497
2.93597
2.93697
2.93797
2.93897
2.93997
2.94097
2.94197
2.94297
2.94397
2.94497
2.94597
2.94697
2.94797
2.94897
2.94997
2.95097
2.95197
2.95297
2.95397
2.95497
2.95597
2.95697
2.95797
2.95897
2.95997
2.96097
2.96197
2.96297
2.96397
2.96497
2.96597
2.96697
2.96797
2.96897
2.96997
2.97097
2.97197
2.97297
2.97397
2.97497
2.97597
2.97697
2.97797
2.97897
2.97997
2.98097
2.98197
2.98297
2.98397
2.98497
2.98597
2.98697
2.98797
2.98897
2.98997
2.99097
2.99197
2.99297
2.99397
2.99497
2.99597
2.99697
2.99797
2.99897
2.99996
3.00096
3.00196
3.00296
3.00396
3.00496
3.00596
3.00696
3.00796
3.00896
3.00996
3.01096
3.01196
3.01296
3.01396
3.01496
3.01596
3.01696
3.01796
3.01896
3.01996
3.02096
3.02196
3.02296
3.02396
3.02496
3.02596
3.02696
3.02796
3.02896
3.02996
3.03096
3.03196
3.03296
3.03396
3.03496
3.03596
3.03696
3.03796
3.03896
3.03996
3.04096
3.04196
3.04296
3.04396
3.04496
3.04596
3.04696
3.04796
3.04896
3.04996
3.05096
3.05196
3.05296
3.05396
3.05496
3.05596
3.05696
3.05796
3.05896
3.05996
3.06096
3.06196
3.06296
3.06396
3.06496
3.06596
3.06696
3.06796
3.06896
3.06996
3.07096
3.07196
3.07296
3.07396
3.07496
3.07596
3.07696
3.07796
3.07896
3.07996
3.08096
3.08196
3.08296
3.08396
3.08496
3.08596
3.08696
3.08796
3.08896
3.08996
3.09096
3.09196
3.09296
3.09396
3.09496
3.09596
3.09696
3.09796
3.09896
3.09996
3.10096
3.10196
3.10296
3.10396
3.10496
3.10596
3.10696
3.10796
3.10896
3.10996
3.11096
3.11196
3.11296
3.11396
3.11496
3.11596
3.11696
3.11796
3.11896
3.11996
3.12096
3.12196
3.12296
3.12396
3.12496
3.12596
3.12696
3.12796
3.12896
3.12996
3.13096
3.13196
3.13296
3.13396
3.13496
3.13596
3.13696
3.13795
3.13895
3.13995
3.14095
3.14195
3.14295
3.14395
3.14495
3.14595
3.14695
3.14795
3.14895
3.14995
3.15095
3.15195
3.15295
3.15395
3.15495
3.15595
3.15695
3.15795
3.15895
3.15995
3.16095
3.16195
3.16295
3.16395
3.16495
3.16595
3.16695
3.16795
3.16895
3.16995
3.17095
3.17195
3.17295
3.17395
3.17495
3.17595
3.17695
3.17795
3.17895
3.17995
3.18095
3.18195
3.18295
3.18395
3.18495
3.18595
3.18695
3.18795
3.18895
3.18995
3.19095
3.19195
3.19295
3.19395
3.19495
3.19595
3.19695
3.19795
3.19895
3.19995
3.20095
3.20195
3.20295
3.20395
3.20495
3.20595
3.20695
3.20795
3.20895
3.20995
3.21095
3.21195
3.21295
3.21395
3.21495
3.21595
3.21695
3.21795
3.21895
3.21995
3.22095
3.22195
3.22295
3.22395
3.22495
3.22595
3.22695
3.22795
3.22895
3.22995
3.23095
3.23195
3.23295
3.23395
3.23495
3.23595
3.23695
3.23795
3.23895
3.23995
3.24095
3.24195
3.24295
3.24395
3.24495
3.24595
3.24695
3.24795
3.24895
3.24995
3.25095
3.25195
3.25295
3.25395
3.25495
3.25595
3.25695
3.25795
3.25895
3.25995
3.26095
3.26195
3.26295
3.26395
3.26495
3.26595
3.26695
3.26795
3.26895
3.26995
3.27095
3.27195
3.27295
3.27395
3.27495
3.27594
3.27694
3.27794
3.27894
3.27994
3.28094
3.28194
3.28294
3.28394
3.28494
3.28594
3.28694
3.28794
3.28894
3.28994
3.29094
3.29194
3.29294
3.29394
3.29494
3.29594
3.29694
3.29794
3.29894
3.29994
3.30094
3.30194
3.30294
3.30394
3.30494
3.30594
3.30694
3.30794
3.30894
3.30994
3.31094
3.31194
3.31294
3.31394
3.31494
3.31594
3.31694
3.31794
3.31894
3.31994
3.32094
3.32194
3.32294
3.32394
3.32494
3.32594
3.32694
3.32794
3.32894
3.32994
3.33094
3.33194
3.33294
3.33394
3.33494
3.33594
3.33694
3.33794
3.33894
3.33994
3.34094
3.34194
3.34294
3.34394
3.34494
3.34594
3.34694
3.34794
3.34894
3.34994
3.35094
3.35194
3.35294
3.35394
3.35494
3.35594
3.35694
3.35794
3.35894
3.35994
3.36094
3.36194
3.36294
3.36394
3.36494
3.36594
3.36694
3.36794
3.36894
3.36994
3.37094
3.37194
3.37294
3.37394
3.37494
3.37594
3.37694
3.37794
3.37894
3.37994
3.38094
3.38194
3.38294
3.38394
3.38494
3.38594
3.38694
3.38794
3.38894
3.38994
3.39094
3.39194
3.39294
3.39394
3.39494
3.39594
3.39694
3.39794
3.39894
3.39994
3.40094
3.40194
3.40294
3.40394
3.40494
3.40594
3.40694
3.40794
3.40894
3.40994
3.41094
3.41194
3.41294
3.41393
3.41493
3.41593
3.41693
3.41793
3.41893
3.41993
3.42093
3.42193
3.42293
3.42393
3.42493
3.42593
3.42693
3.42793
3.42893
3.42993
3.43093
3.43193
3.43293
3.43393
3.43493
3.43593
3.43693
3.43793
3.43893
3.43993
3.44093
3.44193
3.44293
3.44393
3.44493
3.44593
3.44693
3.44793
3.44893
3.44993
3.45093
3.45193
3.45293
3.45393
3.45493
3.45593
3.45693
3.45793
3.45893
3.45993
3.46093
3.46193
3.46293
3.46393
3.46493
3.46593
3.46693
3.46793
3.46893
3.46993
3.47093
3.47193
3.47293
3.47393
3.47493
3.47593
3.47693
3.47793
3.47893
3.47993
3.48093
3.48193
3.48293
3.48393
3.48493
3.48593
3.48693
3.48793
3.48893
3.48993
3.49093
3.49193
3.49293
3.49393
3.49493
3.49593
3.49693
3.49793
3.49893
3.49993
3.50093
3.50193
3.50293
3.50393
3.50493
3.50593
3.50693
3.50793
3.50893
3.50993
3.51093
3.51193
3.51293
3.51393
3.51493
3.51593
3.51693
3.51793
3.51893
3.51993
3.52093
3.52193
3.52293
3.52393
3.52493
3.52593
3.52693
3.52793
3.52893
3.52993
3.53093
3.53193
3.53293
3.53393
3.53493
3.53593
3.53693
3.53793
3.53893
3.53993
3.54093
3.54193
3.54293
3.54393
3.54493
3.54593
3.54693
3.54793
3.54893
3.54993
3.55093
3.55192
3.55292
3.55392
3.55492
3.55592
3.55692
3.55792
3.55892
3.55992
3.56092
3.56192
3.56292
3.56392
3.56492
3.56592
3.56692
3.56792
3.56892
3.56992
3.57092
3.57192
3.57292
3.57392
3.57492
3.57592
3.57692
3.57792
3.57892
3.57992
3.58092
3.58192
3.58292
3.58392
3.58492
3.58592
3.58692
3.58792
3.58892
3.58992
3.59092
3.59192
3.59292
3.59392
3.59492
3.59592
3.59692
3.59792
3.59892
3.59992
3.60092
3.60192
3.60292
3.60392
3.60492
3.60592
3.60692
3.60792
3.60892
3.60992
3.61092
3.61192
3.61292
3.61392
3.61492
3.61592
3.61692
3.61792
3.61892
3.61992
3.62092
3.62192
3.62292
3.62392
3.62492
3.62592
3.62692
3.62792
3.62892
3.62992
3.63092
3.63192
3.63292
3.63392
3.63492
3.63592
3.63692
3.63792
3.63892
3.63992
3.64092
3.64192
3.64292
3.64392
3.64492
3.64592
3.64692
3.64792
3.64892
3.64992
3.65092
3.65192
3.65292
3.65392
3.65492
3.65592
3.65692
3.65792
3.65892
3.65992
3.66092
3.66192
3.66292
3.66392
3.66492
3.66592
3.66692
3.66792
3.66892
3.66992
3.67092
3.67192
3.67292
3.67392
3.67492
3.67592
3.67692
3.67792
3.67892
3.67992
3.68092
3.68192
3.68292
3.68392
3.68492
3.68592
3.68692
3.68792
3.68892
3.68991
3.69091
3.69191
3.69291
3.69391
3.69491
3.69591
3.69691
3.69791
3.69891
3.69991
3.70091
3.70191
3.70291
3.70391
3.70491
3.70591
3.70691
3.70791
3.70891
3.70991
3.71091
3.71191
3.71291
3.71391
3.71491
3.71591
3.71691
3.71791
3.71891
3.71991
3.72091
3.72191
3.72291
3.72391
3.72491
3.72591
3.72691
3.72791
3.72891
3.72991
3.73091
3.73191
3.73291
3.73391
3.73491
3.73591
3.73691
3.73791
3.73891
3.73991
3.74091
3.74191
3.74291
3.74391
3.74491
3.74591
3.74691
3.74791
3.74891
3.74991
3.75091
3.75191
3.75291
3.75391
3.75491
3.75591
3.75691
3.75791
3.75891
3.75991
3.76091
3.76191
3.76291
3.76391
3.76491
3.76591
3.76691
3.76791
3.76891
3.76991
3.77091
3.77191
3.77291
3.77391
3.77491
3.77591
3.77691
3.77791
3.77891
3.77991
3.78091
3.78191
3.78291
3.78391
3.78491
3.78591
3.78691
3.78791
3.78891
3.78991
3.79091
3.79191
3.79291
3.79391
3.79491
3.79591
3.79691
3.79791
3.79891
3.79991
3.80091
3.80191
3.80291
3.80391
3.80491
3.80591
3.80691
3.80791
3.80891
3.80991
3.81091
3.81191
3.81291
3.81391
3.81491
3.81591
3.81691
3.81791
3.81891
3.81991
3.82091
3.82191
3.82291
3.82391
3.82491
3.82591
3.82691
3.8279
3.8289
3.8299
3.8309
3.8319
3.8329
3.8339
3.8349
3.8359
3.8369
3.8379
3.8389
3.8399
3.8409
3.8419
3.8429
3.8439
3.8449
3.8459
3.8469
3.8479
3.8489
3.8499
3.8509
3.8519
3.8529
3.8539
3.8549
3.8559
3.8569
3.8579
3.8589
3.8599
3.8609
3.8619
3.8629
3.8639
3.8649
3.8659
3.8669
3.8679
3.8689
3.8699
3.8709
3.8719
3.8729
3.8739
3.8749
3.8759
3.8769
3.8779
3.8789
3.8799
3.8809
3.8819
3.8829
3.8839
3.8849
3.8859
3.8869
3.8879
3.8889
3.8899
3.8909
3.8919
3.8929
3.8939
3.8949
3.8959
3.8969
3.8979
3.8989
3.8999
3.9009
3.9019
3.9029
3.9039
3.9049
3.9059
3.9069
3.9079
3.9089
3.9099
3.9109
3.9119
3.9129
3.9139
3.9149
3.9159
3.9169
3.9179
3.9189
3.9199
3.9209
3.9219
3.9229
3.9239
3.9249
3.9259
3.9269
3.9279
3.9289
3.9299
3.9309
3.9319
3.9329
3.9339
3.9349
3.9359
3.9369
3.9379
3.9389
3.9399
3.9409
3.9419
3.9429
3.9439
3.9449
3.9459
3.9469
3.9479
3.9489
3.9499
3.9509
3.9519
3.9529
3.9539
3.9549
3.9559
3.9569
3.9579
3.9589
3.9599
3.9609
3.9619
3.9629
3.9639
3.9649
3.96589
3.96689
3.96789
3.96889
3.96989
3.97089
3.97189
3.97289
3.97389
3.97489
3.97589
3.97689
3.97789
3.97889
3.97989
3.98089
3.98189
3.98289
3.98389
3.98489
3.98589
3.98689
3.98789
3.98889
3.98989
3.99089
3.99189
3.99289
3.99389
3.99489
3.99589
3.99689
3.99789
3.99889
3.99989
4.00089
4.00189
4.00289
4.00389
4.00489
4.00589
4.00689
4.00789
4.00889
4.00989
4.01089
4.01189
4.01289
4.01389
4.01489
4.01589
4.01689
4.01789
4.01889
4.01989
4.02089
4.02189
4.02289
4.02389
4.02489
4.02589
4.02689
4.02789
4.02889
4.02989
4.03089
4.03189
4.03289
4.03389
4.03489
4.03589
4.03689
4.03789
4.03889
4.03989
4.04089
4.04189
4.04289
4.04389
4.04489
4.04589
4.04689
4.04789
4.04889
4.04989
4.05089
4.05189
4.05289
4.05389
4.05489
4.05589
4.05689
4.05789
4.05889
4.05989
4.06089
4.06189
4.06289
4.06389
4.06489
4.06589
4.06689
4.06789
4.06889
4.06989
4.07089
4.07189
4.07289
4.07389
4.07489
4.07589
4.07689
4.07789
4.07889
4.07989
4.08089
4.08189
4.08289
4.08389
4.08489
4.08589
4.08689
4.08789
4.08889
4.08989
4.09089
4.09189
4.09289
4.09389
4.09489
4.09589
4.09689
4.09789
4.09889
4.09989
4.10089
4.10189
4.10289
4.10389
4.10489
4.10589
4.10688
4.10788
4.10888
4.10988
4.11088
4.11188
4.11288
4.11388
4.11488
4.11588
4.11688
4.11788
4.11888
4.11988
4.12088
4.12188
4.12288
4.12388
4.12488
4.12588
4.12688
4.12788
4.12888
4.12988
4.13088
4.13188
4.13288
4.13388
4.13488
4.13588
4.13688
4.13788
4.13888
4.13988
4.14088
4.14188
4.14288
4.14388
4.14488
4.14588
4.14688
4.14788
4.14888
4.14988
4.15088
4.15188
4.15288
4.15388
4.15488
4.15588
4.15688
4.15788
4.15888
4.15988
4.16088
4.16188
4.16288
4.16388
4.16488
4.16588
4.16688
4.16788
4.16888
4.16988
4.17088
4.17188
4.17288
4.17388
4.17488
4.17588
4.17688
4.17788
4.17888
4.17988
4.18088
4.18188
4.18288
4.18388
4.18488
4.18588
4.18688
4.18788
4.18888
4.18988
4.19088
4.19188
4.19288
4.19388
4.19488
4.19588
4.19688
4.19788
4.19888
4.19988
4.20088
4.20188
4.20288
4.20388
4.20488
4.20588
4.20688
4.20788
4.20888
4.20988
4.21088
4.21188
4.21288
4.21388
4.21488
4.21588
4.21688
4.21788
4.21888
4.21988
4.22088
4.22188
4.22288
4.22388
4.22488
4.22588
