0	
0	
0	
0	
0	
0	
0	
0	
0	
0	
0	
0	
0	
0	
0	
0	
0	
0	
0	
0	
0	
0	
0	
0	
0	
0	
0	
0	
0	
0	
0	
0	
0	
0	
0	
0	
0	
0	
0	
0	
0	
0	
0	
0	
0	
0	
0	
0	
0	
0	
0	
0	
0	
0	
0	
0	
0	
0	
0	
0	
0	
0	
0	
0	
0	
0	
0	
0	
0	
0	
0	
0	
0	
0	
-1.49151e-07	
-2.33048e-06	
-9.54566e-06	
-2.4815e-05	
-5.11588e-05	
-9.15973e-05	
-0.000149151	
-0.00022684	
-0.000327685	
-0.000454705	
-0.000610922	
-0.000799356	
-0.00102303	
-0.00128495	
-0.00158816	
-0.00193566	
-0.00233048	
-0.00277564	
-0.00327416	
-0.00382906	
-0.00444336	
-0.00512007	
-0.00586223	
-0.00667285	
-0.00755494	
-0.00851154	
-0.00954566	
-0.0106603	
-0.0118585	
-0.0131434	
-0.0145178	
-0.0159848	
-0.0175475	
-0.0192088	
-0.0209718	
-0.0228395	
-0.024815	
-0.0269002	
-0.0290929	
-0.0313901	
-0.0337886	
-0.0362853	
-0.038877	
-0.0415605	
-0.0443327	
-0.0471905	
-0.0501306	
-0.0531501	
-0.0562456	
-0.0594141	
-0.0626525	
-0.0659574	
-0.069326	
-0.0727548	
-0.0762409	
-0.0797811	
-0.0833722	
-0.087011	
-0.0906945	
-0.0944195	
-0.0981827	
-0.101981	
-0.105812	
-0.109671	
-0.113556	
-0.117464	
-0.121391	
-0.125334	
-0.129291	
-0.133258	
-0.137231	
-0.141208	
-0.145186	
-0.149161	
-0.15313	
-0.157091	
-0.161041	
-0.164977	
-0.168896	
-0.172796	
-0.176674	
-0.180526	
-0.184351	
-0.188146	
-0.191907	
-0.195632	
-0.199318	
-0.202963	
-0.206564	
-0.210117	
-0.213621	
-0.217071	
-0.220467	
-0.223805	
-0.227081	
-0.230294	
-0.23344	
-0.236518	
-0.239523	
-0.242453	
-0.245307	
-0.248079	
-0.250769	
-0.253373	
-0.255889	
-0.258313	
-0.260643	
-0.262877	
-0.26501	
-0.267042	
-0.268968	
-0.270793	
-0.27252	
-0.274157	
-0.275708	
-0.277178	
-0.278574	
-0.279901	
-0.281165	
-0.282371	
-0.283524	
-0.284631	
-0.285696	
-0.286726	
-0.287726	
-0.288701	
-0.289657	
-0.2906	
-0.291535	
-0.292468	
-0.293404	
-0.294349	
-0.295308	
-0.296287	
-0.297291	
-0.298327	
-0.299399	
-0.300513	
-0.301675	
-0.302891	
-0.304165	
-0.305503	
-0.306912	
-0.308396	
-0.309961	
-0.311612	
-0.313356	
-0.315196	
-0.317131	
-0.319158	
-0.321274	
-0.323476	
-0.32576	
-0.328125	
-0.330567	
-0.333083	
-0.33567	
-0.338325	
-0.341046	
-0.343829	
-0.346672	
-0.349571	
-0.352523	
-0.355527	
-0.358578	
-0.361673	
-0.364811	
-0.367987	
-0.371199	
-0.374444	
-0.377719	
-0.381021	
-0.384347	
-0.387694	
-0.391059	
-0.39444	
-0.397833	
-0.401235	
-0.404643	
-0.408056	
-0.411468	
-0.414878	
-0.418283	
-0.42168	
-0.425064	
-0.428433	
-0.43178	
-0.435103	
-0.438395	
-0.441654	
-0.444873	
-0.44805	
-0.451178	
-0.454255	
-0.457275	
-0.460234	
-0.463127	
-0.46595	
-0.468698	
-0.471367	
-0.473953	
-0.47645	
-0.478855	
-0.481163	
-0.483369	
-0.485469	
-0.487459	
-0.489333	
-0.491088	
-0.492719	
-0.494222	
-0.495591	
-0.496823	
-0.497914	
-0.498857	
-0.49965	
-0.500287	
-0.500764	
-0.501077	
-0.501221	
-0.501192	
-0.500994	
-0.500632	
-0.500114	
-0.499448	
-0.49864	
-0.497698	
-0.496628	
-0.495439	
-0.494137	
-0.492729	
-0.491222	
-0.489624	
-0.487942	
-0.486183	
-0.484353	
-0.482461	
-0.480513	
-0.478517	
-0.476479	
-0.474408	
-0.472309	
-0.47019	
-0.468059	
-0.465922	
-0.463786	
-0.46166	
-0.459549	
-0.457461	
-0.455404	
-0.453384	
-0.451408	
-0.449484	
-0.447619	
-0.44582	
-0.444094	
-0.442448	
-0.440889	
-0.439417	
-0.438032	
-0.436735	
-0.435525	
-0.434403	
-0.433368	
-0.432421	
-0.431561	
-0.430789	
-0.430104	
-0.429506	
-0.428996	
-0.428574	
-0.428238	
-0.427991	
-0.42783	
-0.427757	
-0.427772	
-0.427874	
-0.428063	
-0.42834	
-0.428705	
-0.429156	
-0.429696	
-0.430322	
-0.431037	
-0.431838	
-0.432727	
-0.433704	
-0.434768	
-0.435919	
-0.437158	
-0.438484	
-0.439898	
-0.441399	
-0.442987	
-0.444662	
-0.446417	
-0.448248	
-0.450152	
-0.452121	
-0.454153	
-0.456243	
-0.458384	
-0.460573	
-0.462806	
-0.465076	
-0.46738	
-0.469712	
-0.472069	
-0.474444	
-0.476834	
-0.479233	
-0.481637	
-0.484041	
-0.48644	
-0.48883	
-0.491205	
-0.493561	
-0.495894	
-0.498197	
-0.500468	
-0.5027	
-0.504889	
-0.507031	
-0.50912	
-0.511152	
-0.513122	
-0.515025	
-0.516857	
-0.518612	
-0.520286	
-0.521875	
-0.523376	
-0.524789	
-0.526116	
-0.527354	
-0.528506	
-0.52957	
-0.530546	
-0.531435	
-0.532237	
-0.532951	
-0.533578	
-0.534117	
-0.534569	
-0.534933	
-0.53521	
-0.535399	
-0.535502	
-0.535516	
-0.535443	
-0.535283	
-0.535035	
-0.5347	
-0.534277	
-0.533767	
-0.53317	
-0.532485	
-0.531712	
-0.530852	
-0.529905	
-0.52887	
-0.527748	
-0.526538	
-0.525241	
-0.523857	
-0.522385	
-0.520825	
-0.519179	
-0.517447	
-0.515632	
-0.513735	
-0.51176	
-0.509708	
-0.507581	
-0.505381	
-0.503111	
-0.500772	
-0.498367	
-0.495897	
-0.493365	
-0.490774	
-0.488124	
-0.485418	
-0.482659	
-0.479847	
-0.476987	
-0.474079	
-0.471125	
-0.468128	
-0.46509	
-0.462013	
-0.458899	
-0.455751	
-0.452569	
-0.449357	
-0.446116	
-0.442849	
-0.439558	
-0.436244	
-0.43291	
-0.429559	
-0.426191	
-0.42281	
-0.419416	
-0.416014	
-0.412605	
-0.409193	
-0.405781	
-0.40237	
-0.398966	
-0.395569	
-0.392184	
-0.388814	
-0.38546	
-0.382127	
-0.378816	
-0.375532	
-0.372277	
-0.369054	
-0.365865	
-0.362714	
-0.359605	
-0.356539	
-0.353519	
-0.350549	
-0.347632	
-0.34477	
-0.341967	
-0.339225	
-0.336547	
-0.333937	
-0.331397	
-0.32893	
-0.32654	
-0.324228	
-0.321998	
-0.319854	
-0.317797	
-0.315831	
-0.313959	
-0.312183	
-0.310501	
-0.308908	
-0.307398	
-0.305965	
-0.304604	
-0.303309	
-0.302074	
-0.300895	
-0.299765	
-0.29868	
-0.297633	
-0.296618	
-0.295632	
-0.294666	
-0.293717	
-0.292779	
-0.291846	
-0.290913	
-0.289973	
-0.289022	
-0.288053	
-0.287063	
-0.286043	
-0.28499	
-0.283898	
-0.282761	
-0.281573	
-0.280329	
-0.279024	
-0.277652	
-0.276206	
-0.274683	
-0.273076	
-0.271379	
-0.269588	
-0.267696	
-0.265699	
-0.263599	
-0.261399	
-0.2591	
-0.256707	
-0.254222	
-0.251647	
-0.248985	
-0.24624	
-0.243413	
-0.240508	
-0.237528	
-0.234474	
-0.23135	
-0.228159	
-0.224904	
-0.221586	
-0.21821	
-0.214777	
-0.211291	
-0.207753	
-0.204168	
-0.200538	
-0.196865	
-0.193153	
-0.189403	
-0.18562	
-0.181805	
-0.177961	
-0.174091	
-0.170198	
-0.166285	
-0.162355	
-0.158409	
-0.154451	
-0.150485	
-0.146511	
-0.142534	
-0.138556	
-0.134581	
-0.130612	
-0.126652	
-0.122704	
-0.118771	
-0.114856	
-0.110963	
-0.107095	
-0.103255	
-0.0994451	
-0.0956698	
-0.0919317	
-0.088234	
-0.08458	
-0.0809726	
-0.0774151	
-0.0739107	
-0.0704624	
-0.0670734	
-0.0637469	
-0.060486	
-0.0572938	
-0.0541736	
-0.0511285	
-0.0481615	
-0.0452759	
-0.0424748	
-0.0397614	
-0.0371388	
-0.0346101	
-0.0321785	
-0.0298472	
-0.0276193	
-0.0254979	
-0.0234859	
-0.0215826	
-0.019785	
-0.0180901	
-0.0164949	
-0.0149963	
-0.0135914	
-0.012277	
-0.0110503	
-0.00990812	
-0.00884749	
-0.00786538	
-0.00695879	
-0.00612468	
-0.00536004	
-0.00466184	
-0.00402708	
-0.00345271	
-0.00293574	
-0.00247313	
-0.00206186	
-0.00169892	
-0.00138129	
-0.00110594	
-0.000869848	
-0.000670005	
-0.000503384	
-0.000366967	
-0.000257733	
-0.000172661	
-0.000108731	
-6.29231e-05	
-3.22166e-05	
-1.35914e-05	
-4.02708e-06	
-5.03384e-07	
-4.95512e-40	
0	
0	
0	
0	
0	
0	
0	
0	
0	
0	
0	
0	
0	
0	
0	
0	
0	
0	
0	
0	
0	
0	
0	
0	
0	
0	
0	
0	
0	
0	
0	
0	
0	
0	
0	
0	
0	
0	
0	
0	
0	
0	
0	
0	
0	
0	
0	
0	
0	
0	
0	
0	
0	
0	
0	
0	
0	
0	
0	
0	
0	
0	
0	
0	
0	
0	
0	
0	
0	
0	
0	
0	
0	
0	
0	
0	
0	
0	
0	
0	
0	
0	
0	
0	
0	
0	
0	
0	
0	
0	
0	
0	
0	
0	
0	
0	
0	
0	
0	
0	
0	
0	
0	
0	
0	
0	
0	
0	
0	
0	
0	
0	
0	
0	
0	
0	
0	
0	
0	
0	
0	
0	
0	
0	
0	
0	
0	
0	
0	
0	
0	
0	
0	
0	
0	
0	
0	
0	
0	
0	
0	
0	
0	
0	
0	
0	
0	
0	
0	
0	
0	
0	
0	
0	
0	
0	
0	
0	
0	
0	
0	
0	
0	
0	
0	
0	
0	
0	
0	
0	
0	
0	
0	
0	
0	
0	
0	
0	
0	
0	
0	
0	
0	
0	
0	
0	
0	
0	
0	
0	
0	
0	
0	
0	
0	
0	
0	
0	
0	
0	
0	
0	
0	
0	
0	
0	
0	
0	
0	
0	
0	
0	
0	
0	
0	
0	
0	
0	
0	
0	
0	
