0	
0	
0	
0	
0	
0	
0	
0	
0	
0	
0	
0	
0	
0	
0	
0	
0	
0	
0	
0	
0	
0	
0	
0	
0	
0	
0	
0	
0	
0	
0	
0	
0	
0	
0	
0	
0	
0	
0	
0	
0	
0	
0	
0	
0	
0	
0	
0	
0	
0	
0	
0	
0	
0	
0	
0	
0	
0	
0	
0	
0	
0	
0	
0	
0	
0	
0	
0	
0	
0	
0	
0	
0	
0	
-0.0805415	
-0.201354	
-0.322166	
-0.442978	
-0.563791	
-0.684603	
-0.805415	
-0.926227	
-1.04704	
-1.16785	
-1.28866	
-1.40948	
-1.53029	
-1.6511	
-1.77191	
-1.89273	
-2.01354	
-2.13435	
-2.25516	
-2.37597	
-2.49679	
-2.6176	
-2.73841	
-2.85922	
-2.98004	
-3.10085	
-3.22166	
-3.34247	
-3.46329	
-3.5841	
-3.70491	
-3.82572	
-3.94653	
-4.06735	
-4.18816	
-4.30897	
-4.42978	
-4.30384	
-4.1779	
-4.05195	
-3.92601	
-3.80007	
-3.67413	
-3.54818	
-3.42224	
-3.2963	
-3.17035	
-3.04441	
-2.91847	
-2.79252	
-2.66658	
-2.54064	
-2.4147	
-2.28875	
-2.16281	
-2.03687	
-1.91092	
-1.78498	
-1.65904	
-1.5331	
-1.40715	
-1.28121	
-1.15527	
-1.02932	
-0.90338	
-0.777437	
-0.651494	
-0.525552	
-0.399609	
-0.273666	
-0.147723	
-0.0217796	
0.104163	
0.224976	
0.335527	
0.446077	
0.556628	
0.667179	
0.77773	
0.888281	
0.998832	
1.10938	
1.21993	
1.33048	
1.44104	
1.55159	
1.66214	
1.77269	
1.88324	
1.99379	
2.10434	
2.21489	
2.32544	
2.43599	
2.54654	
2.6571	
2.76765	
2.8782	
2.98875	
3.0993	
3.20985	
3.3204	
3.43095	
3.5415	
3.65205	
3.7626	
3.87316	
3.98371	
4.09426	
4.20481	
4.09346	
3.87116	
3.64886	
3.42656	
3.20426	
2.98196	
2.75966	
2.53736	
2.31506	
2.09276	
1.87046	
1.64816	
1.42586	
1.20356	
0.98126	
0.758961	
0.536661	
0.314361	
0.0920611	
-0.130239	
-0.352539	
-0.574838	
-0.797138	
-1.01944	
-1.24174	
-1.46404	
-1.68634	
-1.90864	
-2.13094	
-2.35324	
-2.57554	
-2.79784	
-3.02014	
-3.24244	
-3.46474	
-3.68704	
-3.90934	
-3.79149	
-3.67365	
-3.55581	
-3.43797	
-3.32013	
-3.20229	
-3.08445	
-2.9666	
-2.84876	
-2.73092	
-2.61308	
-2.49524	
-2.3774	
-2.25956	
-2.14171	
-2.02387	
-1.90603	
-1.78819	
-1.67035	
-1.55251	
-1.43467	
-1.31682	
-1.19898	
-1.08114	
-0.9633	
-0.845458	
-0.727617	
-0.609775	
-0.491934	
-0.374092	
-0.256251	
-0.138409	
-0.0205679	
0.0972735	
0.215115	
0.332956	
0.471373	
0.65094	
0.830507	
1.01007	
1.18964	
1.36921	
1.54877	
1.72834	
1.90791	
2.08748	
2.26704	
2.44661	
2.62618	
2.80574	
2.98531	
3.16488	
3.34444	
3.52401	
3.70358	
3.88314	
4.06271	
4.24228	
4.42185	
4.60141	
4.78098	
4.96055	
5.14011	
5.31968	
5.49925	
5.67881	
5.85838	
6.03795	
6.21751	
6.39708	
6.57665	
6.75621	
6.93578	
6.80485	
6.51866	
6.23248	
5.94629	
5.66011	
5.37392	
5.08774	
4.80155	
4.51537	
4.22918	
3.943	
3.65681	
3.37063	
3.08444	
2.79825	
2.51207	
2.22588	
1.9397	
1.65351	
1.36733	
1.08114	
0.794959	
0.508774	
0.222588	
-0.0635967	
-0.349782	
-0.635967	
-0.922152	
-1.20834	
-1.49452	
-1.78071	
-2.06689	
-2.35308	
-2.63926	
-2.92545	
-3.21163	
-3.49782	
-3.49782	
-3.49782	
-3.49782	
-3.49782	
-3.49782	
-3.49782	
-3.49782	
-3.49782	
-3.49782	
-3.49782	
-3.49782	
-3.49782	
-3.49782	
-3.49782	
-3.49782	
-3.49782	
-3.49782	
-3.49782	
-3.49782	
-3.49782	
-3.49782	
-3.49782	
-3.49782	
-3.49782	
-3.49782	
-3.49782	
-3.49782	
-3.49782	
-3.49782	
-3.49782	
-3.49782	
-3.49782	
-3.49782	
-3.49782	
-3.49782	
-3.49782	
-3.43422	
-3.24343	
-3.05264	
-2.86185	
-2.67106	
-2.48027	
-2.28948	
-2.09869	
-1.9079	
-1.71711	
-1.52632	
-1.33553	
-1.14474	
-0.953951	
-0.76316	
-0.57237	
-0.38158	
-0.19079	
-7.25256e-13	
0.19079	
0.38158	
0.57237	
0.76316	
0.953951	
1.14474	
1.33553	
1.52632	
1.71711	
1.9079	
2.09869	
2.28948	
2.48027	
2.67106	
2.86185	
3.05264	
3.24343	
3.43422	
3.49782	
3.49782	
3.49782	
3.49782	
3.49782	
3.49782	
3.49782	
3.49782	
3.49782	
3.49782	
3.49782	
3.49782	
3.49782	
3.49782	
3.49782	
3.49782	
3.49782	
3.49782	
3.49782	
3.49782	
3.49782	
3.49782	
3.49782	
3.49782	
3.49782	
3.49782	
3.49782	
3.49782	
3.49782	
3.49782	
3.49782	
3.49782	
3.49782	
3.49782	
3.49782	
3.49782	
3.49782	
3.41365	
3.32948	
3.2453	
3.16113	
3.07696	
2.99279	
2.90862	
2.82444	
2.74027	
2.6561	
2.57193	
2.48776	
2.40358	
2.31941	
2.23524	
2.15107	
2.0669	
1.98273	
1.89855	
1.81438	
1.73021	
1.64604	
1.56187	
1.47769	
1.39352	
1.30935	
1.22518	
1.14101	
1.05683	
0.972663	
0.888491	
0.804319	
0.720148	
0.635976	
0.551804	
0.467632	
0.372237	
0.254395	
0.136554	
0.0187125	
-0.0991289	
-0.21697	
-0.334812	
-0.452653	
-0.570495	
-0.688336	
-0.806178	
-0.924019	
-1.04186	
-1.1597	
-1.27754	
-1.39538	
-1.51323	
-1.63107	
-1.74891	
-1.86675	
-1.98459	
-2.10243	
-2.22028	
-2.33812	
-2.45596	
-2.5738	
-2.69164	
-2.80948	
-2.92732	
-3.04517	
-3.16301	
-3.28085	
-3.39869	
-3.51653	
-3.63437	
-3.75221	
-3.87006	
-3.76114	
-3.53884	
-3.31654	
-3.09424	
-2.87194	
-2.64964	
-2.42734	
-2.20504	
-1.98274	
-1.76044	
-1.53814	
-1.31584	
-1.09354	
-0.871238	
-0.648938	
-0.426639	
-0.204339	
0.0179612	
0.240261	
0.462561	
0.684861	
0.907161	
1.12946	
1.35176	
1.57406	
1.79636	
2.01866	
2.24096	
2.46326	
2.68556	
2.90786	
3.13016	
3.35246	
3.57476	
3.79706	
4.01936	
4.24166	
4.13111	
4.02056	
3.91001	
3.79945	
3.6889	
3.57835	
3.4678	
3.35725	
3.2467	
3.13615	
3.0256	
2.91505	
2.8045	
2.69395	
2.58339	
2.47284	
2.36229	
2.25174	
2.14119	
2.03064	
1.92009	
1.80954	
1.69899	
1.58844	
1.47789	
1.36733	
1.25678	
1.14623	
1.03568	
0.925131	
0.81458	
0.70403	
0.593479	
0.482928	
0.372377	
0.261826	
0.146144	
0.0202014	
-0.105742	
-0.231685	
-0.357628	
-0.483571	
-0.609513	
-0.735456	
-0.861399	
-0.987342	
-1.11329	
-1.23923	
-1.36517	
-1.49111	
-1.61706	
-1.743	
-1.86894	
-1.99489	
-2.12083	
-2.24677	
-2.37272	
-2.49866	
-2.6246	
-2.75054	
-2.87649	
-3.00243	
-3.12837	
-3.25432	
-3.38026	
-3.5062	
-3.63214	
-3.75809	
-3.88403	
-4.00997	
-4.13592	
-4.26186	
-4.3878	
-4.34924	
-4.22843	
-4.10762	
-3.98681	
-3.86599	
-3.74518	
-3.62437	
-3.50356	
-3.38274	
-3.26193	
-3.14112	
-3.02031	
-2.89949	
-2.77868	
-2.65787	
-2.53706	
-2.41625	
-2.29543	
-2.17462	
-2.05381	
-1.933	
-1.81218	
-1.69137	
-1.57056	
-1.44975	
-1.32894	
-1.20812	
-1.08731	
-0.966498	
-0.845686	
-0.724874	
-0.604061	
-0.483249	
-0.362437	
-0.241625	
-0.120812	
-1.20179e-12	
0	
0	
0	
0	
0	
0	
0	
0	
0	
0	
0	
0	
0	
0	
0	
0	
0	
0	
0	
0	
0	
0	
0	
0	
0	
0	
0	
0	
0	
0	
0	
0	
0	
0	
0	
0	
0	
0	
0	
0	
0	
0	
0	
0	
0	
0	
0	
0	
0	
0	
0	
0	
0	
0	
0	
0	
0	
0	
0	
0	
0	
0	
0	
0	
0	
0	
0	
0	
0	
0	
0	
0	
0	
0	
0	
0	
0	
0	
0	
0	
0	
0	
0	
0	
0	
0	
0	
0	
0	
0	
0	
0	
0	
0	
0	
0	
0	
0	
0	
0	
0	
0	
0	
0	
0	
0	
0	
0	
0	
0	
0	
0	
0	
0	
0	
0	
0	
0	
0	
0	
0	
0	
0	
0	
0	
0	
0	
0	
0	
0	
0	
0	
0	
0	
0	
0	
0	
0	
0	
0	
0	
0	
0	
0	
0	
0	
0	
0	
0	
0	
0	
0	
0	
0	
0	
0	
0	
0	
0	
0	
0	
0	
0	
0	
0	
0	
0	
0	
0	
0	
0	
0	
0	
0	
0	
0	
0	
0	
0	
0	
0	
0	
0	
0	
0	
0	
0	
0	
0	
0	
0	
0	
0	
0	
0	
0	
0	
0	
0	
0	
0	
0	
0	
0	
0	
0	
0	
0	
0	
0	
0	
0	
0	
0	
0	
0	
0	
0	
0	
0	
0	
