0	0	0.4	
3.11953e-07	0	0.4	
2.49562e-06	0	0.4	
8.42273e-06	0	0.4	
1.9965e-05	0	0.4	
3.89941e-05	0	0.4	
6.73819e-05	0	0.4	
0.000107	0	0.4	
0.00015972	0	0.4	
0.000227414	0	0.4	
0.000311953	0	0.4	
0.00041521	0	0.4	
0.000539055	0	0.4	
0.000685361	0	0.4	
0.000855999	0	0.4	
0.00105284	0	0.4	
0.00127776	0	0.4	
0.00153263	0	0.4	
0.00181931	0	0.4	
0.00213969	0	0.4	
0.00249563	0	0.4	
0.002889	0	0.4	
0.00332168	0	0.4	
0.00379553	0	0.4	
0.00431244	0	0.4	
0.00487427	0	0.4	
0.00548289	0	0.4	
0.00614017	0	0.4	
0.006848	0	0.4	
0.00760822	0	0.4	
0.00842273	0	0.4	
0.0092934	0	0.4	
0.0102221	0	0.4	
0.0112107	0	0.4	
0.012261	0	0.4	
0.013375	0	0.4	
0.0145545	0	0.4	
0.0158012	0	0.4	
0.0171148	0	0.4	
0.0184933	0	0.4	
0.019935	0	0.4	
0.0214379	0	0.4	
0.0230003	0	0.4	
0.0246201	0	0.4	
0.0262956	0	0.4	
0.0280248	0	0.4	
0.029806	0	0.4	
0.0316372	0	0.4	
0.0335165	0	0.4	
0.0354421	0	0.4	
0.0374121	0	0.4	
0.0394247	0	0.4	
0.0414779	0	0.4	
0.0435699	0	0.4	
0.0456989	0	0.4	
0.0478629	0	0.4	
0.05006	0	0.4	
0.0522885	0	0.4	
0.0545465	0	0.4	
0.0568319	0	0.4	
0.0591431	0	0.4	
0.0614781	0	0.4	
0.0638351	0	0.4	
0.0662121	0	0.4	
0.0686074	0	0.4	
0.0710189	0	0.4	
0.073445	0	0.4	
0.0758836	0	0.4	
0.078333	0	0.4	
0.0807912	0	0.4	
0.0832563	0	0.4	
0.0857266	0	0.4	
0.0882001	0	0.4	
0.090675	0	0.4	
0.09315	0	0.4	
0.095625	0	0.4	
0.0981	0	0.4	
0.100575	0	0.4	
0.10305	0	0.4	
0.105525	0	0.4	
0.108	0	0.4	
0.110475	0	0.4	
0.11295	0	0.4	
0.115425	0	0.4	
0.1179	0	0.4	
0.120375	0	0.4	
0.12285	0	0.4	
0.125325	0	0.4	
0.1278	0	0.4	
0.130275	0	0.4	
0.13275	0	0.4	
0.135225	0	0.4	
0.1377	0	0.4	
0.140175	0	0.4	
0.14265	0	0.4	
0.145125	0	0.4	
0.1476	0	0.4	
0.150075	0	0.4	
0.15255	0	0.4	
0.155025	0	0.4	
0.1575	0	0.4	
0.159975	0	0.4	
0.16245	0	0.4	
0.164925	0	0.4	
0.1674	0	0.4	
0.169875	0	0.4	
0.17235	0	0.4	
0.174825	0	0.4	
0.1773	0	0.4	
0.179775	0	0.4	
0.18225	0	0.4	
0.184725	0	0.4	
0.1872	0	0.4	
0.189675	0	0.4	
0.19215	0	0.4	
0.194625	0	0.4	
0.1971	0	0.4	
0.199575	0	0.4	
0.20205	0	0.4	
0.204525	0	0.4	
0.207	0	0.4	
0.209475	0	0.4	
0.21195	0	0.4	
0.214425	0	0.4	
0.2169	0	0.4	
0.219375	0	0.4	
0.22185	0	0.4	
0.224325	0	0.4	
0.2268	0	0.4	
0.229275	0	0.4	
0.23175	0	0.4	
0.234225	0	0.4	
0.2367	0	0.4	
0.239175	0	0.4	
0.24165	0	0.4	
0.244125	0	0.4	
0.2466	0	0.4	
0.249075	0	0.4	
0.25155	0	0.4	
0.254025	0	0.4	
0.2565	0	0.4	
0.258975	0	0.4	
0.26145	0	0.4	
0.263925	0	0.4	
0.2664	0	0.4	
0.268875	0	0.4	
0.27135	0	0.4	
0.273825	0	0.4	
0.2763	0	0.4	
0.278775	0	0.4	
0.28125	0	0.4	
0.283725	0	0.4	
0.2862	0	0.4	
0.288675	0	0.4	
0.29115	0	0.4	
0.293625	0	0.4	
0.2961	0	0.4	
0.298575	0	0.4	
0.30105	0	0.4	
0.303525	0	0.4	
0.306	0	0.4	
0.308475	0	0.4	
0.31095	0	0.4	
0.313425	0	0.4	
0.3159	0	0.4	
0.318375	0	0.4	
0.32085	0	0.4	
0.323325	0	0.4	
0.3258	0	0.4	
0.328275	0	0.4	
0.33075	0	0.4	
0.333225	0	0.4	
0.3357	0	0.4	
0.338175	0	0.4	
0.34065	0	0.4	
0.343125	0	0.4	
0.3456	0	0.4	
0.348075	0	0.4	
0.35055	0	0.4	
0.353025	0	0.4	
0.3555	0	0.4	
0.357975	0	0.4	
0.36045	0	0.4	
0.362925	0	0.4	
0.3654	0	0.4	
0.367875	0	0.4	
0.37035	0	0.4	
0.372825	0	0.4	
0.3753	0	0.4	
0.377775	0	0.4	
0.38025	0	0.4	
0.382725	0	0.4	
0.3852	0	0.4	
0.387675	0	0.4	
0.39015	0	0.4	
0.392625	0	0.4	
0.3951	0	0.4	
0.397575	0	0.4	
0.40005	0	0.4	
0.402525	0	0.4	
0.405	0	0.4	
0.407475	0	0.4	
0.40995	0	0.4	
0.412425	0	0.4	
0.4149	0	0.4	
0.417375	0	0.4	
0.41985	0	0.4	
0.422325	0	0.4	
0.4248	0	0.4	
0.427275	0	0.4	
0.42975	0	0.4	
0.432225	0	0.4	
0.4347	0	0.4	
0.437175	0	0.4	
0.43965	0	0.4	
0.442125	0	0.4	
0.4446	0	0.4	
0.447075	0	0.4	
0.44955	0	0.4	
0.452025	0	0.4	
0.4545	0	0.400003	
0.456975	0	0.400012	
0.45945	0	0.400029	
0.461925	0	0.400058	
0.4644	0	0.400102	
0.466875	0	0.400165	
0.46935	0	0.400248	
0.471825	0	0.400357	
0.4743	0	0.400492	
0.476775	0	0.400658	
0.47925	0	0.400858	
0.481725	0	0.401095	
0.4842	0	0.401372	
0.486675	0	0.401692	
0.48915	0	0.402058	
0.491625	0	0.402473	
0.4941	0	0.402941	
0.496575	0	0.403465	
0.49905	0	0.404047	
0.501525	0	0.404691	
0.504	0	0.4054	
0.506475	0	0.406177	
0.50895	0	0.407025	
0.511425	0	0.407948	
0.5139	0	0.408948	
0.516375	0	0.410028	
0.51885	0	0.411192	
0.521325	0	0.412443	
0.5238	0	0.413784	
0.526275	0	0.415218	
0.52875	0	0.416748	
0.531225	0	0.418377	
0.5337	0	0.420109	
0.536175	0	0.421946	
0.53865	0	0.423892	
0.541125	0	0.425949	
0.5436	0	0.428117	
0.546075	0	0.430389	
0.54855	0	0.432759	
0.551025	0	0.435221	
0.5535	0	0.437769	
0.555975	0	0.440396	
0.55845	0	0.443096	
0.560925	0	0.445863	
0.5634	0	0.448691	
0.565875	0	0.451574	
0.56835	0	0.454504	
0.570825	0	0.457477	
0.5733	0	0.460485	
0.575775	0	0.463523	
0.57825	0	0.466584	
0.580725	0	0.469662	
0.5832	0	0.47275	
0.585675	0	0.475844	
0.58815	0	0.478935	
0.590625	0	0.482019	
0.5931	0	0.485089	
0.595575	0	0.488138	
0.59805	0	0.49116	
0.600525	0	0.49415	
0.603	0	0.4971	
0.605475	0	0.500005	
0.60795	0	0.502858	
0.610425	0	0.505654	
0.6129	0	0.508385	
0.615375	0	0.511047	
0.61785	0	0.513631	
0.620325	0	0.516133	
0.6228	0	0.518546	
0.625275	0	0.520863	
0.62775	0	0.523079	
0.630225	0	0.525187	
0.6327	0	0.527183	
0.635175	0	0.529069	
0.63765	0	0.530848	
0.640125	0	0.532524	
0.6426	0	0.534099	
0.645075	0	0.535576	
0.64755	0	0.536958	
0.650025	0	0.53825	
0.6525	0	0.539453	
0.654975	0	0.540571	
0.65745	0	0.541607	
0.659925	0	0.542565	
0.6624	0	0.543446	
0.664875	0	0.544255	
0.66735	0	0.544995	
0.669825	0	0.545668	
0.6723	0	0.546278	
0.674775	0	0.546828	
0.67725	0	0.547321	
0.679725	0	0.54776	
0.6822	0	0.548148	
0.684675	0	0.548488	
0.68715	0	0.548784	
0.689625	0	0.549039	
0.6921	0	0.549255	
0.694575	0	0.549436	
0.69705	0	0.549585	
0.699525	0	0.549706	
0.702	0	0.5498	
0.704475	0	0.549872	
0.70695	0	0.549924	
0.709425	0	0.549959	
0.7119	0	0.549982	
0.714375	0	0.549994	
0.71685	0	0.549999	
0.719325	0	0.55	
0.7218	0	0.55	
0.724275	0	0.550003	
0.72675	0	0.550011	
0.729225	0	0.550027	
0.7317	0	0.550055	
0.734175	0	0.550098	
0.73665	0	0.550158	
0.739125	0	0.55024	
0.7416	0	0.550346	
0.744075	0	0.550479	
0.74655	0	0.550642	
0.749025	0	0.550839	
0.7515	0	0.551072	
0.753975	0	0.551345	
0.75645	0	0.551661	
0.758925	0	0.552023	
0.7614	0	0.552433	
0.763875	0	0.552896	
0.76635	0	0.553415	
0.768825	0	0.553992	
0.7713	0	0.55463	
0.773775	0	0.555333	
0.77625	0	0.556104	
0.778725	0	0.556945	
0.7812	0	0.557861	
0.783675	0	0.558854	
0.78615	0	0.559927	
0.788625	0	0.561083	
0.7911	0	0.562326	
0.793575	0	0.563659	
0.79605	0	0.565084	
0.798525	0	0.566605	
0.801	0	0.568225	
0.803475	0	0.569947	
0.80595	0	0.571775	
0.808425	0	0.57371	
0.8109	0	0.575757	
0.813375	0	0.577915	
0.81585	0	0.580178	
0.818325	0	0.58254	
0.8208	0	0.584994	
0.823275	0	0.587534	
0.82575	0	0.590154	
0.828225	0	0.592848	
0.8307	0	0.595609	
0.833175	0	0.598432	
0.83565	0	0.601309	
0.838125	0	0.604236	
0.8406	0	0.607205	
0.843075	0	0.61021	
0.84555	0	0.613245	
0.848025	0	0.616305	
0.8505	0	0.619381	
0.852975	0	0.622469	
0.85545	0	0.625562	
0.857925	0	0.628655	
0.8604	0	0.631739	
0.862875	0	0.63481	
0.86535	0	0.637861	
0.867825	0	0.640887	
0.8703	0	0.643879	
0.872775	0	0.646834	
0.87525	0	0.649743	
0.877725	0	0.652601	
0.8802	0	0.655402	
0.882675	0	0.65814	
0.88515	0	0.660808	
0.887625	0	0.6634	
0.8901	0	0.665909	
0.892575	0	0.66833	
0.89505	0	0.670656	
0.897525	0	0.672882	
0.9	0	0.675	
0.902475	0	0.677006	
0.90495	0	0.678902	
0.907425	0	0.680691	
0.9099	0	0.682376	
0.912375	0	0.68396	
0.91485	0	0.685445	
0.917325	0	0.686837	
0.9198	0	0.688136	
0.922275	0	0.689347	
0.92475	0	0.690473	
0.927225	0	0.691517	
0.9297	0	0.692481	
0.932175	0	0.693369	
0.93465	0	0.694185	
0.937125	0	0.694931	
0.9396	0	0.69561	
0.942075	0	0.696225	
0.94455	0	0.69678	
0.947025	0	0.697278	
0.9495	0	0.697722	
0.951975	0	0.698115	
0.95445	0	0.698459	
0.956925	0	0.698759	
0.9594	0	0.699017	
0.961875	0	0.699237	
0.96435	0	0.699421	
0.966825	0	0.699573	
0.9693	0	0.699696	
0.971775	0	0.699792	
0.97425	0	0.699866	
0.976725	0	0.69992	
0.9792	0	0.699957	
0.981675	0	0.69998	
0.98415	0	0.699993	
0.986625	0	0.699999	
0.9891	0	0.7	
0.991575	0	0.7	
0.99405	0	0.7	
0.996525	0	0.7	
0.999	0	0.7	
1.00147	0	0.7	
1.00395	0	0.7	
1.00642	0	0.7	
1.0089	0	0.7	
1.01137	0	0.7	
1.01385	0	0.7	
1.01632	0	0.7	
1.0188	0	0.7	
1.02127	0	0.7	
1.02375	0	0.7	
1.02622	0	0.7	
1.0287	0	0.7	
1.03117	0	0.7	
1.03365	0	0.7	
1.03612	0	0.7	
1.0386	0	0.7	
1.04107	0	0.7	
1.04355	0	0.7	
1.04602	0	0.7	
1.0485	0	0.7	
1.05097	0	0.7	
1.05345	0	0.7	
1.05592	0	0.7	
1.0584	0	0.7	
1.06087	0	0.7	
1.06335	0	0.7	
1.06582	0	0.7	
1.0683	0	0.7	
1.07077	0	0.7	
1.07325	0	0.7	
1.07572	0	0.7	
1.0782	0	0.7	
1.08067	0	0.7	
1.08315	0	0.700001	
1.08562	0	0.700006	
1.0881	0	0.700018	
1.09057	0	0.700041	
1.09305	0	0.700076	
1.09552	0	0.700128	
1.098	0	0.7002	
1.10047	0	0.700294	
1.10295	0	0.700415	
1.10542	0	0.700564	
1.1079	0	0.700745	
1.11037	0	0.700961	
1.11285	0	0.701216	
1.11532	0	0.701512	
1.1178	0	0.701852	
1.12027	0	0.70224	
1.12275	0	0.702679	
1.12522	0	0.703172	
1.1277	0	0.703722	
1.13017	0	0.704332	
1.13265	0	0.705005	
1.13512	0	0.705745	
1.1376	0	0.706554	
1.14007	0	0.707435	
1.14255	0	0.708393	
1.14502	0	0.709429	
1.1475	0	0.710547	
1.14997	0	0.71175	
1.15245	0	0.713042	
1.15492	0	0.714424	
1.1574	0	0.715901	
1.15987	0	0.717476	
1.16235	0	0.719152	
1.16482	0	0.720931	
1.1673	0	0.722817	
1.16977	0	0.724813	
1.17225	0	0.726921	
1.17472	0	0.729137	
1.1772	0	0.731454	
1.17967	0	0.733867	
1.18215	0	0.736369	
1.18462	0	0.738953	
1.1871	0	0.741615	
1.18957	0	0.744346	
1.19205	0	0.747142	
1.19452	0	0.749995	
1.197	0	0.7529	
1.19947	0	0.75585	
1.20195	0	0.75884	
1.20442	0	0.761862	
1.2069	0	0.764911	
1.20937	0	0.767981	
1.21185	0	0.771065	
1.21432	0	0.774156	
1.2168	0	0.77725	
1.21927	0	0.780338	
1.22175	0	0.783416	
1.22422	0	0.786477	
1.2267	0	0.789515	
1.22917	0	0.792523	
1.23165	0	0.795496	
1.23412	0	0.798426	
1.2366	0	0.801309	
1.23907	0	0.804137	
1.24155	0	0.806904	
1.24402	0	0.809604	
1.2465	0	0.812231	
1.24897	0	0.814779	
1.25145	0	0.817241	
1.25392	0	0.819611	
1.2564	0	0.821883	
1.25887	0	0.824051	
1.26135	0	0.826108	
1.26382	0	0.828054	
1.2663	0	0.829891	
1.26877	0	0.831623	
1.27125	0	0.833252	
1.27372	0	0.834782	
1.2762	0	0.836216	
1.27867	0	0.837557	
1.28115	0	0.838808	
1.28362	0	0.839972	
1.2861	0	0.841052	
1.28857	0	0.842052	
1.29105	0	0.842975	
1.29352	0	0.843823	
1.296	0	0.8446	
1.29847	0	0.845309	
1.30095	0	0.845953	
1.30342	0	0.846535	
1.3059	0	0.847059	
1.30837	0	0.847527	
1.31085	0	0.847942	
1.31332	0	0.848308	
1.3158	0	0.848628	
1.31827	0	0.848905	
1.32075	0	0.849142	
1.32322	0	0.849342	
1.3257	0	0.849508	
1.32817	0	0.849643	
1.33065	0	0.849752	
1.33312	0	0.849835	
1.3356	0	0.849898	
1.33807	0	0.849942	
1.34055	0	0.849971	
1.34302	0	0.849988	
1.3455	0	0.849997	
1.34797	0	0.85	
1.35045	0	0.85	
1.35292	0	0.850001	
1.3554	0	0.850005	
1.35787	0	0.850017	
1.36035	0	0.850038	
1.36282	0	0.850072	
1.3653	0	0.850123	
1.36777	0	0.850193	
1.37025	0	0.850285	
1.37272	0	0.850402	
1.3752	0	0.850549	
1.37767	0	0.850727	
1.38015	0	0.85094	
1.38262	0	0.851191	
1.3851	0	0.851483	
1.38757	0	0.851819	
1.39005	0	0.852203	
1.39252	0	0.852637	
1.395	0	0.853125	
1.39747	0	0.85367	
1.39995	0	0.854274	
1.40242	0	0.854941	
1.4049	0	0.855675	
1.40737	0	0.856477	
1.40985	0	0.857352	
1.41232	0	0.858302	
1.4148	0	0.859331	
1.41727	0	0.860442	
1.41975	0	0.861637	
1.42222	0	0.86292	
1.4247	0	0.864295	
1.42717	0	0.865763	
1.42965	0	0.867329	
1.43212	0	0.868995	
1.4346	0	0.870765	
1.43707	0	0.872641	
1.43955	0	0.874627	
1.44202	0	0.876725	
1.4445	0	0.878931	
1.44697	0	0.88124	
1.44945	0	0.883644	
1.45192	0	0.886138	
1.4544	0	0.888715	
1.45687	0	0.89137	
1.45935	0	0.894095	
1.46182	0	0.896885	
1.4643	0	0.899733	
1.46677	0	0.902634	
1.46925	0	0.90558	
1.47172	0	0.908567	
1.4742	0	0.911586	
1.47667	0	0.914633	
1.47915	0	0.917701	
1.48162	0	0.920784	
1.4841	0	0.923875	
1.48657	0	0.926968	
1.48905	0	0.930058	
1.49152	0	0.933137	
1.494	0	0.9362	
1.49647	0	0.93924	
1.49895	0	0.942251	
1.50142	0	0.945227	
1.5039	0	0.948162	
1.50637	0	0.951049	
1.50885	0	0.953882	
1.51132	0	0.956655	
1.5138	0	0.959362	
1.51627	0	0.961996	
1.51875	0	0.964551	
1.52122	0	0.967021	
1.5237	0	0.9694	
1.52617	0	0.971681	
1.52865	0	0.973858	
1.53112	0	0.975926	
1.5336	0	0.977882	
1.53607	0	0.979728	
1.53855	0	0.98147	
1.54102	0	0.983108	
1.5435	0	0.984647	
1.54597	0	0.986089	
1.54845	0	0.987439	
1.55092	0	0.988697	
1.5534	0	0.989869	
1.55587	0	0.990957	
1.55835	0	0.991965	
1.56082	0	0.992894	
1.5633	0	0.993749	
1.56577	0	0.994532	
1.56825	0	0.995247	
1.57072	0	0.995897	
1.5732	0	0.996485	
1.57567	0	0.997014	
1.57815	0	0.997486	
1.58062	0	0.997906	
1.5831	0	0.998277	
1.58557	0	0.998601	
1.58805	0	0.998882	
1.59052	0	0.999122	
1.593	0	0.999325	
1.59547	0	0.999494	
1.59795	0	0.999632	
1.60042	0	0.999743	
1.6029	0	0.999829	
1.60537	0	0.999893	
1.60785	0	0.999938	
1.61032	0	0.999969	
1.6128	0	0.999987	
1.61527	0	0.999996	
1.61775	0	1	
1.62022	0	1	
1.6227	0	1	
1.62517	0	1	
1.62765	0	1	
1.63012	0	1	
1.6326	0	1	
1.63507	0	1	
1.63755	0	1	
1.64002	0	1	
1.6425	0	1	
1.64497	0	1	
1.64745	0	1	
1.64992	0	1	
1.6524	0	1	
1.65487	0	1	
1.65735	0	1	
1.65982	0	1	
1.6623	0	1	
1.66477	0	1	
1.66725	0	1	
1.66972	0	1	
1.6722	0	1	
1.67467	0	1	
1.67715	0	1	
1.67962	0	1	
1.6821	0	1	
1.68457	0	1	
1.68705	0	1	
1.68952	0	1	
1.692	0	1	
1.69447	0	1	
1.69695	0	1	
1.69942	0	1	
1.7019	0	1	
1.70437	0	1	
1.70685	0	1	
1.70932	0	1	
1.7118	0	1	
1.71427	0	1	
1.71674	0	1	
1.71921	0	1	
1.72167	0	1	
1.72412	0	1	
1.72656	0	1	
1.72898	0	1	
1.73139	0	1	
1.73379	0	1	
1.73616	0	1	
1.73852	0	1	
1.74086	0	1	
1.74317	0	1	
1.74545	0	1	
1.74771	0	1	
1.74994	0	1	
1.75214	0	1	
1.7543	0	1	
1.75643	0	1	
1.75852	0	1	
1.76058	0	1	
1.76259	0	1	
1.76456	0	1	
1.76648	0	1	
1.76836	0	1	
1.77019	0	1	
1.77198	0	1	
1.7737	0	1	
1.77538	0	1	
1.777	0	1	
1.77856	0	1	
1.78006	0	1	
1.78151	0	1	
1.78289	0	1	
1.7842	0	1	
1.78545	0	1	
1.78663	0	1	
1.78774	0	1	
1.78879	0	1	
1.78978	0	1	
1.79071	0	1	
1.79158	0	1	
1.79239	0	1	
1.79315	0	1	
1.79386	0	1	
1.79452	0	1	
1.79513	0	1	
1.79569	0	1	
1.7962	0	1	
1.79668	0	1	
1.79711	0	1	
1.7975	0	1	
1.79786	0	1	
1.79818	0	1	
1.79847	0	1	
1.79872	0	1	
1.79895	0	1	
1.79914	0	1	
1.79931	0	1	
1.79946	0	1	
1.79958	0	1	
1.79969	0	1	
1.79977	0	1	
1.79984	0	1	
1.79989	0	1	
1.79993	0	1	
1.79996	0	1	
1.79998	0	1	
1.79999	0	1	
1.8	0	1	
1.8	0	1	
1.8	0	1	
1.8	0	1	
