0	
0	
0	
0	
0	
0	
0	
0	
0	
0	
0	
0	
0	
0	
0	
0	
0	
0	
0	
0	
0	
0	
0	
0	
0	
0	
0	
0	
0	
0	
0	
0	
0	
0	
0	
0	
0	
0	
0	
0	
0	
0	
0	
0	
0	
0	
0	
0	
0	
0	
0	
0	
0	
0	
0	
0	
0	
0	
0	
0	
0	
0	
0	
0	
0	
0	
0	
0	
0	
0	
0	
0	
0	
-0.0337794	
-0.157637	
-0.281495	
-0.405353	
-0.529211	
-0.653069	
-0.776926	
-0.900784	
-1.02464	
-1.1485	
-1.27236	
-1.39622	
-1.52007	
-1.64393	
-1.76779	
-1.89165	
-2.0155	
-2.13936	
-2.26322	
-2.38708	
-2.51094	
-2.63479	
-2.75865	
-2.88251	
-3.00637	
-3.13023	
-3.25408	
-3.37794	
-3.5018	
-3.62566	
-3.74951	
-3.87337	
-3.99723	
-4.12109	
-4.24495	
-4.3688	
-4.49266	
-4.38654	
-4.25742	
-4.12831	
-3.99919	
-3.87007	
-3.74095	
-3.61183	
-3.48272	
-3.3536	
-3.22448	
-3.09536	
-2.96624	
-2.83713	
-2.70801	
-2.57889	
-2.44977	
-2.32066	
-2.19154	
-2.06242	
-1.9333	
-1.80418	
-1.67507	
-1.54595	
-1.41683	
-1.28771	
-1.15859	
-1.02948	
-0.900359	
-0.771241	
-0.642123	
-0.513005	
-0.383888	
-0.25477	
-0.125652	
0.00346601	
0.132584	
0.253094	
0.366432	
0.47977	
0.593108	
0.706445	
0.819783	
0.933121	
1.04646	
1.1598	
1.27313	
1.38647	
1.49981	
1.61315	
1.72649	
1.83982	
1.95316	
2.0665	
2.17984	
2.29317	
2.40651	
2.51985	
2.63319	
2.74653	
2.85986	
2.9732	
3.08654	
3.19988	
3.31321	
3.42655	
3.53989	
3.65323	
3.76657	
3.8799	
3.99324	
4.10658	
4.21992	
4.27121	
4.04331	
3.8154	
3.5875	
3.35959	
3.13169	
2.90379	
2.67588	
2.44798	
2.22008	
1.99217	
1.76427	
1.53636	
1.30846	
1.08056	
0.852653	
0.62475	
0.396846	
0.168942	
-0.0589618	
-0.286866	
-0.514769	
-0.742673	
-0.970577	
-1.19848	
-1.42638	
-1.65429	
-1.88219	
-2.1101	
-2.338	
-2.5659	
-2.79381	
-3.02171	
-3.24961	
-3.47752	
-3.70542	
-3.93333	
-3.87592	
-3.7551	
-3.63429	
-3.51348	
-3.39267	
-3.27186	
-3.15104	
-3.03023	
-2.90942	
-2.78861	
-2.6678	
-2.54698	
-2.42617	
-2.30536	
-2.18455	
-2.06374	
-1.94292	
-1.82211	
-1.7013	
-1.58049	
-1.45967	
-1.33886	
-1.21805	
-1.09724	
-0.976426	
-0.855614	
-0.734802	
-0.61399	
-0.493178	
-0.372366	
-0.251553	
-0.130741	
-0.00992925	
0.110883	
0.231695	
0.352507	
0.502084	
0.686177	
0.870271	
1.05436	
1.23846	
1.42255	
1.60665	
1.79074	
1.97483	
2.15893	
2.34302	
2.52711	
2.71121	
2.8953	
3.07939	
3.26349	
3.44758	
3.63167	
3.81577	
3.99986	
4.18396	
4.36805	
4.55214	
4.73624	
4.92033	
5.10442	
5.28852	
5.47261	
5.6567	
5.8408	
6.02489	
6.20899	
6.39308	
6.57717	
6.76127	
6.94536	
7.09598	
6.91189	
6.72779	
6.5437	
6.35961	
6.17551	
5.99142	
5.80733	
5.62323	
5.43914	
5.25505	
5.07095	
4.88686	
4.70276	
4.51867	
4.33458	
4.15048	
3.96639	
3.7823	
3.5982	
3.41411	
3.23002	
3.04592	
2.86183	
2.67774	
2.49364	
2.30955	
2.12545	
1.94136	
1.75727	
1.57317	
1.38908	
1.20499	
1.02089	
0.836799	
0.652706	
0.468612	
0.251046	
0.0209279	
-0.20919	
-0.439308	
-0.669426	
-0.899545	
-1.12966	
-1.35978	
-1.5899	
-1.82002	
-2.05014	
-2.28025	
-2.51037	
-2.74049	
-2.97061	
-3.20073	
-3.43084	
-3.66096	
-3.89108	
-4.1212	
-4.35132	
-4.58143	
-4.81155	
-5.04167	
-5.27179	
-5.50191	
-5.73202	
-5.96214	
-6.19226	
-6.42238	
-6.6525	
-6.88262	
-7.11273	
-7.34285	
-7.57297	
-7.80309	
-7.86585	
-7.63573	
-7.40561	
-7.17549	
-6.94537	
-6.71526	
-6.48514	
-6.25502	
-6.0249	
-5.79478	
-5.56467	
-5.33455	
-5.10443	
-4.87431	
-4.64419	
-4.41408	
-4.18396	
-3.95384	
-3.72372	
-3.4936	
-3.26349	
-3.03337	
-2.80325	
-2.57313	
-2.34301	
-2.11289	
-1.88278	
-1.65266	
-1.42254	
-1.19242	
-0.962304	
-0.732186	
-0.502068	
-0.27195	
-0.0418316	
0.188287	
0.418405	
0.602498	
0.786592	
0.970685	
1.15478	
1.33887	
1.52297	
1.70706	
1.89115	
2.07525	
2.25934	
2.44343	
2.62753	
2.81162	
2.99571	
3.17981	
3.3639	
3.548	
3.73209	
3.91618	
4.10028	
4.28437	
4.46846	
4.65256	
4.83665	
5.02074	
5.20484	
5.38893	
5.57303	
5.75712	
5.94121	
6.12531	
6.3094	
6.49349	
6.67759	
6.86168	
7.04577	
6.92601	
6.63261	
6.33921	
6.04581	
5.75241	
5.45901	
5.16561	
4.87221	
4.57881	
4.28541	
3.99201	
3.69861	
3.40521	
3.11181	
2.81841	
2.52501	
2.23162	
1.93822	
1.64482	
1.35142	
1.05802	
0.764617	
0.471218	
0.177818	
-0.115582	
-0.408981	
-0.702381	
-0.99578	
-1.28918	
-1.58258	
-1.87598	
-2.16938	
-2.46278	
-2.75618	
-3.04958	
-3.34298	
-3.55636	
-3.55636	
-3.55636	
-3.55636	
-3.55636	
-3.55636	
-3.55636	
-3.55636	
-3.55636	
-3.55636	
-3.55636	
-3.55636	
-3.55636	
-3.55636	
-3.55636	
-3.55636	
-3.55636	
-3.55636	
-3.55636	
-3.55636	
-3.55636	
-3.55636	
-3.55636	
-3.55636	
-3.55636	
-3.55636	
-3.55636	
-3.55636	
-3.55636	
-3.55636	
-3.55636	
-3.55636	
-3.55636	
-3.55636	
-3.55636	
-3.55636	
-3.55636	
-3.28963	
-2.99623	
-2.70283	
-2.40943	
-2.11603	
-1.82263	
-1.52923	
-1.23583	
-0.942435	
-0.649035	
-0.355636	
-0.0622363	
0.231163	
0.524563	
0.817962	
1.11136	
1.40476	
1.69816	
1.99156	
2.28496	
2.57836	
2.87176	
3.16516	
3.45856	
3.75196	
4.04536	
4.33876	
4.63216	
4.92556	
5.21896	
5.51236	
5.80576	
6.09916	
6.39255	
6.68595	
6.97935	
7.0123	
6.82821	
6.64412	
6.46002	
6.27593	
6.09183	
5.90774	
5.72365	
5.53955	
5.35546	
5.17137	
4.98727	
4.80318	
4.61909	
4.43499	
4.2509	
4.0668	
3.88271	
3.69862	
3.51452	
3.33043	
3.14634	
2.96224	
2.77815	
2.59406	
2.40996	
2.22587	
2.04178	
1.85768	
1.67359	
1.48949	
1.3054	
1.12131	
0.937214	
0.75312	
0.569027	
0.396439	
0.275627	
0.154815	
0.0340024	
-0.0868097	
-0.207622	
-0.328434	
-0.449246	
-0.570058	
-0.69087	
-0.811682	
-0.932494	
-1.05331	
-1.17412	
-1.29493	
-1.41574	
-1.53656	
-1.65737	
-1.77818	
-1.89899	
-2.0198	
-2.14062	
-2.26143	
-2.38224	
-2.50305	
-2.62386	
-2.74468	
-2.86549	
-2.9863	
-3.10711	
-3.22792	
-3.34874	
-3.46955	
-3.59036	
-3.71117	
-3.83199	
-3.9528	
-3.7883	
-3.56039	
-3.33249	
-3.10459	
-2.87668	
-2.64878	
-2.42087	
-2.19297	
-1.96507	
-1.73716	
-1.50926	
-1.28135	
-1.05345	
-0.825547	
-0.597644	
-0.36974	
-0.141836	
0.0860678	
0.313972	
0.541875	
0.769779	
0.997683	
1.22559	
1.45349	
1.68139	
1.9093	
2.1372	
2.36511	
2.59301	
2.82091	
3.04882	
3.27672	
3.50462	
3.73253	
3.96043	
4.18834	
4.26113	
4.14779	
4.03445	
3.92112	
3.80778	
3.69444	
3.5811	
3.46777	
3.35443	
3.24109	
3.12775	
3.01441	
2.90108	
2.78774	
2.6744	
2.56106	
2.44773	
2.33439	
2.22105	
2.10771	
1.99437	
1.88104	
1.7677	
1.65436	
1.54102	
1.42769	
1.31435	
1.20101	
1.08767	
0.974335	
0.860997	
0.747659	
0.634321	
0.520984	
0.407646	
0.294308	
0.179536	
0.050418	
-0.0786999	
-0.207818	
-0.336936	
-0.466053	
-0.595171	
-0.724289	
-0.853407	
-0.982525	
-1.11164	
-1.24076	
-1.36988	
-1.499	
-1.62811	
-1.75723	
-1.88635	
-2.01547	
-2.14459	
-2.2737	
-2.40282	
-2.53194	
-2.66106	
-2.79017	
-2.91929	
-3.04841	
-3.17753	
-3.30665	
-3.43576	
-3.56488	
-3.694	
-3.82312	
-3.95224	
-4.08135	
-4.21047	
-4.33959	
-4.46871	
-4.41384	
-4.28998	
-4.16613	
-4.04227	
-3.91841	
-3.79455	
-3.6707	
-3.54684	
-3.42298	
-3.29912	
-3.17526	
-3.05141	
-2.92755	
-2.80369	
-2.67983	
-2.55598	
-2.43212	
-2.30826	
-2.1844	
-2.06054	
-1.93669	
-1.81283	
-1.68897	
-1.56511	
-1.44125	
-1.3174	
-1.19354	
-1.06968	
-0.945823	
-0.821966	
-0.698108	
-0.57425	
-0.450392	
-0.326534	
-0.202676	
-0.0788186	
0	
0	
0	
0	
0	
0	
0	
0	
0	
0	
0	
0	
0	
0	
0	
0	
0	
0	
0	
0	
0	
0	
0	
0	
0	
0	
0	
0	
0	
0	
0	
0	
0	
0	
0	
0	
0	
0	
