0	
0	
0	
0	
0	
0	
0	
0	
0	
0	
0	
0	
0	
0	
0	
0	
0	
0	
0	
0	
0	
0	
0	
0	
0	
0	
0	
0	
0	
0	
0	
0	
0	
0	
0	
0	
0	
0	
0	
0	
0	
0	
0	
0	
0	
0	
0	
0	
0	
0	
0	
0	
0	
0	
0	
0	
0	
0	
0	
0	
0	
0	
0	
0	
0	
0	
0	
0	
0	
0	
0	
0	
0	
-1.04688e-08	
-1.06394e-06	
-6.05835e-06	
-1.80901e-05	
-4.02557e-05	
-7.56516e-05	
-0.000127374	
-0.00019852	
-0.000292185	
-0.000411467	
-0.000559461	
-0.000739263	
-0.000953972	
-0.00120668	
-0.00150049	
-0.00183849	
-0.00222379	
-0.00265947	
-0.00314864	
-0.00369438	
-0.0042998	
-0.004968	
-0.00570207	
-0.0065051	
-0.0073802	
-0.00833045	
-0.00935896	
-0.0104688	
-0.0116631	
-0.012945	
-0.0143175	
-0.0157837	
-0.0173468	
-0.0190098	
-0.0207758	
-0.022648	
-0.0246293	
-0.0267222	
-0.0289248	
-0.0312338	
-0.033646	
-0.0361582	
-0.0387671	
-0.0414696	
-0.0442623	
-0.0471421	
-0.0501058	
-0.0531501	
-0.0562717	
-0.0594675	
-0.0627343	
-0.0660687	
-0.0694676	
-0.0729278	
-0.076446	
-0.0800189	
-0.0836435	
-0.0873163	
-0.0910343	
-0.0947941	
-0.0985926	
-0.102427	
-0.106293	
-0.110188	
-0.114108	
-0.118052	
-0.122014	
-0.125993	
-0.129984	
-0.133986	
-0.137993	
-0.142004	
-0.146014	
-0.150021	
-0.154022	
-0.158014	
-0.161994	
-0.165958	
-0.169906	
-0.173832	
-0.177736	
-0.181613	
-0.185461	
-0.189278	
-0.193059	
-0.196804	
-0.200508	
-0.204168	
-0.207783	
-0.211349	
-0.214863	
-0.218323	
-0.221726	
-0.225068	
-0.228347	
-0.231561	
-0.234705	
-0.237779	
-0.240778	
-0.2437	
-0.246541	
-0.2493	
-0.251974	
-0.254558	
-0.257052	
-0.259451	
-0.261754	
-0.263956	
-0.266056	
-0.26805	
-0.269939	
-0.271726	
-0.273418	
-0.27502	
-0.276538	
-0.277978	
-0.279345	
-0.280646	
-0.281885	
-0.283069	
-0.284203	
-0.285292	
-0.286344	
-0.287363	
-0.288354	
-0.289325	
-0.290279	
-0.291224	
-0.292165	
-0.293107	
-0.294056	
-0.295018	
-0.295999	
-0.297004	
-0.298039	
-0.299109	
-0.300221	
-0.30138	
-0.302592	
-0.303862	
-0.305196	
-0.3066	
-0.30808	
-0.309641	
-0.311289	
-0.313029	
-0.314868	
-0.316802	
-0.318831	
-0.320951	
-0.323158	
-0.325451	
-0.327825	
-0.330278	
-0.332807	
-0.335408	
-0.338079	
-0.340817	
-0.343618	
-0.34648	
-0.3494	
-0.352375	
-0.355401	
-0.358475	
-0.361595	
-0.364758	
-0.36796	
-0.371199	
-0.374471	
-0.377773	
-0.381103	
-0.384458	
-0.387834	
-0.391228	
-0.394637	
-0.398059	
-0.40149	
-0.404928	
-0.408368	
-0.411809	
-0.415248	
-0.41868	
-0.422104	
-0.425514	
-0.428908	
-0.43228	
-0.435626	
-0.438941	
-0.44222	
-0.445459	
-0.448653	
-0.451798	
-0.454889	
-0.457921	
-0.46089	
-0.463792	
-0.466621	
-0.469373	
-0.472043	
-0.474627	
-0.477121	
-0.479519	
-0.481817	
-0.48401	
-0.486094	
-0.488065	
-0.489917	
-0.491646	
-0.493247	
-0.494717	
-0.496049	
-0.49724	
-0.498285	
-0.499179	
-0.499918	
-0.500497	
-0.500912	
-0.501158	
-0.50123	
-0.501126	
-0.500849	
-0.500404	
-0.499796	
-0.499028	
-0.498106	
-0.497034	
-0.495817	
-0.494459	
-0.492966	
-0.491341	
-0.489589	
-0.487715	
-0.485724	
-0.483619	
-0.481407	
-0.47909	
-0.476674	
-0.474164	
-0.471564	
-0.468878	
-0.466112	
-0.463269	
-0.460355	
-0.457374	
-0.454331	
-0.45123	
-0.448076	
-0.444873	
-0.441627	
-0.438341	
-0.43502	
-0.431669	
-0.428293	
-0.424895	
-0.421482	
-0.418057	
-0.414625	
-0.411193	
-0.407766	
-0.404351	
-0.400951	
-0.397575	
-0.394226	
-0.390912	
-0.387638	
-0.384408	
-0.381231	
-0.37811	
-0.375052	
-0.372062	
-0.369147	
-0.366311	
-0.363562	
-0.360904	
-0.358343	
-0.355886	
-0.353537	
-0.351302	
-0.349188	
-0.3472	
-0.345344	
-0.343625	
-0.34205	
-0.340623	
-0.339352	
-0.338241	
-0.337296	
-0.336524	
-0.335929	
-0.335518	
-0.335296	
-0.335269	
-0.335438	
-0.335798	
-0.336344	
-0.337068	
-0.337967	
-0.339033	
-0.340261	
-0.341646	
-0.343181	
-0.344861	
-0.346681	
-0.348633	
-0.350714	
-0.352916	
-0.355234	
-0.357663	
-0.360196	
-0.362828	
-0.365553	
-0.368365	
-0.371259	
-0.374229	
-0.377269	
-0.380374	
-0.383536	
-0.386752	
-0.390015	
-0.393319	
-0.396659	
-0.400028	
-0.403422	
-0.406833	
-0.410258	
-0.413689	
-0.417121	
-0.420549	
-0.423966	
-0.427368	
-0.430751	
-0.434109	
-0.437438	
-0.440734	
-0.443992	
-0.447207	
-0.450375	
-0.453491	
-0.45655	
-0.459549	
-0.462482	
-0.465344	
-0.468132	
-0.47084	
-0.473464	
-0.475999	
-0.478441	
-0.480785	
-0.483026	
-0.485161	
-0.487184	
-0.48909	
-0.490876	
-0.492536	
-0.494065	
-0.495461	
-0.496716	
-0.497828	
-0.498792	
-0.499602	
-0.500254	
-0.500744	
-0.501068	
-0.501219	
-0.501195	
-0.500998	
-0.500635	
-0.500114	
-0.499442	
-0.498625	
-0.497673	
-0.496591	
-0.495387	
-0.494069	
-0.492644	
-0.491118	
-0.489501	
-0.487798	
-0.486018	
-0.484167	
-0.482253	
-0.480283	
-0.478264	
-0.476205	
-0.474112	
-0.471992	
-0.469853	
-0.467703	
-0.465548	
-0.463396	
-0.461254	
-0.459129	
-0.45703	
-0.454963	
-0.452935	
-0.450954	
-0.449028	
-0.447163	
-0.445367	
-0.443647	
-0.442011	
-0.440463	
-0.439004	
-0.437634	
-0.436353	
-0.435161	
-0.434057	
-0.433043	
-0.432117	
-0.431281	
-0.430533	
-0.429875	
-0.429305	
-0.428824	
-0.428432	
-0.428129	
-0.427915	
-0.427789	
-0.427753	
-0.427805	
-0.427947	
-0.428177	
-0.428496	
-0.428905	
-0.429402	
-0.429988	
-0.430663	
-0.431426	
-0.432279	
-0.433221	
-0.434251	
-0.435371	
-0.436579	
-0.437876	
-0.439263	
-0.440738	
-0.442302	
-0.443954	
-0.445688	
-0.447497	
-0.449374	
-0.451311	
-0.4533	
-0.455336	
-0.457409	
-0.459514	
-0.461642	
-0.463786	
-0.46594	
-0.468094	
-0.470243	
-0.472379	
-0.474495	
-0.476582	
-0.478635	
-0.480645	
-0.482605	
-0.484508	
-0.486347	
-0.488114	
-0.489802	
-0.491403	
-0.49291	
-0.494317	
-0.495615	
-0.496797	
-0.497856	
-0.498784	
-0.499575	
-0.50022	
-0.500713	
-0.501047	
-0.501213	
-0.501205	
-0.501021	
-0.500668	
-0.500148	
-0.499466	
-0.498628	
-0.497637	
-0.496499	
-0.495217	
-0.493797	
-0.492243	
-0.49056	
-0.488752	
-0.486824	
-0.484781	
-0.482627	
-0.480366	
-0.478004	
-0.475545	
-0.472993	
-0.470353	
-0.467631	
-0.464829	
-0.461954	
-0.459008	
-0.455999	
-0.452928	
-0.449803	
-0.446626	
-0.443403	
-0.440138	
-0.436835	
-0.4335	
-0.430137	
-0.426751	
-0.423346	
-0.419926	
-0.416497	
-0.41306	
-0.40962	
-0.406179	
-0.40274	
-0.399306	
-0.39588	
-0.392466	
-0.389066	
-0.385683	
-0.38232	
-0.378981	
-0.375668	
-0.372385	
-0.369134	
-0.365918	
-0.362741	
-0.359605	
-0.356513	
-0.353469	
-0.350476	
-0.347536	
-0.344652	
-0.341828	
-0.339067	
-0.336371	
-0.333744	
-0.331189	
-0.328708	
-0.326305	
-0.323982	
-0.321744	
-0.319592	
-0.31753	
-0.31556	
-0.313686	
-0.311911	
-0.31023	
-0.308638	
-0.307129	
-0.305698	
-0.304339	
-0.303047	
-0.301814	
-0.300637	
-0.299508	
-0.298423	
-0.297376	
-0.296361	
-0.295372	
-0.294404	
-0.293451	
-0.292507	
-0.291566	
-0.290624	
-0.289673	
-0.288709	
-0.287726	
-0.286718	
-0.285679	
-0.284604	
-0.283487	
-0.282322	
-0.281103	
-0.279826	
-0.278483	
-0.277071	
-0.275581	
-0.27401	
-0.272352	
-0.2706	
-0.268749	
-0.266794	
-0.264732	
-0.262566	
-0.2603	
-0.257935	
-0.255476	
-0.252924	
-0.250282	
-0.247554	
-0.244742	
-0.241849	
-0.238878	
-0.235831	
-0.232712	
-0.229523	
-0.226268	
-0.222948	
-0.219567	
-0.216128	
-0.212633	
-0.209086	
-0.205488	
-0.201844	
-0.198155	
-0.194425	
-0.190657	
-0.186853	
-0.183016	
-0.179149	
-0.175255	
-0.171336	
-0.167396	
-0.163437	
-0.159463	
-0.155475	
-0.151477	
-0.147472	
-0.143462	
-0.139451	
-0.135442	
-0.131438	
-0.127443	
-0.123459	
-0.119491	
-0.11554	
-0.111611	
-0.107706	
-0.103829	
-0.0999828	
-0.0961711	
-0.0923968	
-0.0886632	
-0.0849736	
-0.0813311	
-0.0777391	
-0.0742006	
-0.070719	
-0.0672974	
-0.0639391	
-0.0606474	
-0.0574254	
-0.0542764	
-0.0512037	
-0.0482103	
-0.0452996	
-0.0424748	
-0.0397392	
-0.0370959	
-0.0345481	
-0.0320992	
-0.0297523	
-0.0275107	
-0.0253775	
-0.0233557	
-0.0214442	
-0.0196399	
-0.0179398	
-0.0163407	
-0.0148397	
-0.0134334	
-0.012119	
-0.0108932	
-0.00975297	
-0.00869524	
-0.00771688	
-0.00681482	
-0.00598594	
-0.00522715	
-0.00453536	
-0.00390747	
-0.00334038	
-0.002831	
-0.00237622	
-0.00197297	
-0.00161812	
-0.0013086	
-0.00104131	
-0.000813138	
-0.000621	
-0.000461798	
-0.000332434	
-0.000229812	
-0.000150835	
-9.24079e-05	
-5.14333e-05	
-2.4815e-05	
-9.45645e-06	
-2.26127e-06	
-1.32993e-07	
0	
0	
0	
0	
0	
0	
0	
0	
0	
0	
0	
0	
0	
0	
0	
0	
0	
0	
0	
0	
0	
0	
0	
0	
0	
0	
0	
0	
0	
0	
0	
0	
0	
0	
0	
0	
0	
0	
