test quat to rpy:
  0.41724
0.0497178
 0.902795
expected 0.4173, 0.0497, 0.9027
test ct ss mats
A:
        0         0         0         0         0         0  0.949235  0.314567         0         0         0         0         0
        0         0         0         0         0         0 -0.314567  0.949235         0         0         0         0         0
        0         0         0         0         0         0         0         0         1         0         0         0         0
        0         0         0         0         0         0         0         0         0         1         0         0         0
        0         0         0         0         0         0         0         0         0         0         1         0         0
        0         0         0         0         0         0         0         0         0         0         0         1         0
        0         0         0         0         0         0         0         0         0         0         0         0         0
        0         0         0         0         0         0         0         0         0         0         0         0         0
        0         0         0         0         0         0         0         0         0         0         0         0         0
        0         0         0         0         0         0         0         0         0         0         0         0         0
        0         0         0         0         0         0         0         0         0         0         0         0         0
        0         0         0         0         0         0         0         0         0         0         0         0         1
        0         0         0         0         0         0         0         0         0         0         0         0         0
B:
       0        0        0        0        0        0        0        0        0        0        0        0
       0        0        0        0        0        0        0        0        0        0        0        0
       0        0        0        0        0        0        0        0        0        0        0        0
       0        0        0        0        0        0        0        0        0        0        0        0
       0        0        0        0        0        0        0        0        0        0        0        0
       0        0        0        0        0        0        0        0        0        0        0        0
       0       -9        5        0      -10        6        0      -11        7        0      -12        8
     4.5        0     -0.5        5        0       -1      5.5        0     -1.5        6        0       -2
-1.66667 0.333333        0       -2 0.666667        0 -2.33333        1        0 -2.66667  1.33333        0
   0.025        0        0    0.025        0        0    0.025        0        0    0.025        0        0
       0    0.025        0        0    0.025        0        0    0.025        0        0    0.025        0
       0        0    0.025        0        0    0.025        0        0    0.025        0        0    0.025
       0        0        0        0        0        0        0        0        0        0        0        0
[MPC Test] Stationary Trajectory:
0.000 0.000 0.000 0.000 0.000 0.350 0.000 0.000 0.000 0.000 0.000 0.000 
0.000 0.000 0.000 0.000 0.000 0.350 0.000 0.000 0.000 0.000 0.000 0.000 
0.000 0.000 0.000 0.000 0.000 0.350 0.000 0.000 0.000 0.000 0.000 0.000 
0.000 0.000 0.000 0.000 0.000 0.350 0.000 0.000 0.000 0.000 0.000 0.000 
0.000 0.000 0.000 0.000 0.000 0.350 0.000 0.000 0.000 0.000 0.000 0.000 
Initializing MPC!
[MPC] Debugging enabled.
[MPC] Size of problem setup struct: 16 bytes.
      Size of problem update struct: 1136 bytes.
      Size of MATLAB floating point type: 8 bytes.
      Size of flt: 4 bytes.
[MPC] Got new problem configuration!
[MPC] Prediction horizon length: 5
      Force limit: 666.000, friction 0.500
      dt: 0.020
RESIZED MATRICES FOR HORIZON: 5
-----------------
   PROBLEM DATA  
-----------------
DT: 0.020
Mu: 0.500
F_Max: 666.000
Horizon: 5
p:
0 0 0.35 
v:
0 0 0 
q:
1 0 0 0 
w:
0.25 0.25 -0.25 -0.25 
0.05 -0.05 -0.05 0.05 
-0.33 -0.33 -0.33 -0.33 
Yaw: 0
weights:
11 6 0 0 0 30 0 0 3 12 12 0 
trajectory:
0 0 0 0 0 0.35 0 0 0 0 0 0 
0 0 0 0 0 0.35 0 0 0 0 0 0 
0 0 0 0 0 0.35 0 0 0 0 0 0 
0 0 0 0 0 0.35 0 0 0 0 0 0 
0 0 0 0 0 0.35 0 0 0 0 0 0 
Alpha: 2e-07
gait:
1 1 1 1 
1 1 1 1 
1 1 1 1 
1 1 1 1 
1 1 1 1 
-----------------
    ROBOT DATA   
-----------------
Robot State:
Position
   0    0 0.35
Velocity
0 0 0
Angular Veloctiy
0 0 0
Rotation
1 0 0
0 1 0
0 0 1
Yaw Rotation
 1 -0  0
 0  1  0
 0  0  1
Foot Locations
 0.25  0.25 -0.25 -0.25
 0.05 -0.05 -0.05  0.05
-0.33 -0.33 -0.33 -0.33
Inertia
0.3   0   0
  0 2.1   0
  0   0 2.1
Initial state: 
   0
  -0
   0
   0
   0
0.35
   0
   0
   0
   0
   0
   0
-9.8
World Inertia: 
0.3   0   0
  0 2.1   0
  0   0 2.1
A CT: 
 0  0  0  0  0  0  1  0  0  0  0  0  0
 0  0  0  0  0  0 -0  1  0  0  0  0  0
 0  0  0  0  0  0  0  0  1  0  0  0  0
 0  0  0  0  0  0  0  0  0  1  0  0  0
 0  0  0  0  0  0  0  0  0  0  1  0  0
 0  0  0  0  0  0  0  0  0  0  0  1  0
 0  0  0  0  0  0  0  0  0  0  0  0  0
 0  0  0  0  0  0  0  0  0  0  0  0  0
 0  0  0  0  0  0  0  0  0  0  0  0  0
 0  0  0  0  0  0  0  0  0  0  0  0  0
 0  0  0  0  0  0  0  0  0  0  0  0  0
 0  0  0  0  0  0  0  0  0  0  0  0  1
 0  0  0  0  0  0  0  0  0  0  0  0  0
B CT (simplified): 
         0          0          0          0          0          0          0          0          0          0          0          0
         0          0          0          0          0          0          0          0          0          0          0          0
         0          0          0          0          0          0          0          0          0          0          0          0
         0          0          0          0          0          0          0          0          0          0          0          0
         0          0          0          0          0          0          0          0          0          0          0          0
         0          0          0          0          0          0          0          0          0          0          0          0
         0        1.1   0.166667          0        1.1  -0.166667          0        1.1  -0.166667          0        1.1   0.166667
 -0.157143          0  -0.119048  -0.157143          0  -0.119048  -0.157143          0   0.119048  -0.157143          0   0.119048
-0.0238095   0.119048          0  0.0238095   0.119048          0  0.0238095  -0.119048          0 -0.0238095  -0.119048          0
 0.0207314          0          0  0.0207314          0          0  0.0207314          0          0  0.0207314          0          0
         0  0.0207314          0          0  0.0207314          0          0  0.0207314          0          0  0.0207314          0
         0          0  0.0207314          0          0  0.0207314          0          0  0.0207314          0          0  0.0207314
         0          0          0          0          0          0          0          0          0          0          0          0
Adt: 
     1      0      0      0      0      0   0.02      0      0      0      0      0      0
     0      1      0      0      0      0      0   0.02      0      0      0      0      0
     0      0      1      0      0      0      0      0   0.02      0      0      0      0
     0      0      0      1      0      0      0      0      0   0.02      0      0      0
     0      0      0      0      1      0      0      0      0      0   0.02      0      0
     0      0      0      0      0      1      0      0      0      0      0   0.02 0.0002
     0      0      0      0      0      0      1      0      0      0      0      0      0
     0      0      0      0      0      0      0      1      0      0      0      0      0
     0      0      0      0      0      0      0      0      1      0      0      0      0
     0      0      0      0      0      0      0      0      0      1      0      0      0
     0      0      0      0      0      0      0      0      0      0      1      0      0
     0      0      0      0      0      0      0      0      0      0      0      1   0.02
     0      0      0      0      0      0      0      0      0      0      0      0      1
Bdt:
           0      0.00022  3.33333e-05            0      0.00022 -3.33333e-05            0      0.00022 -3.33333e-05            0      0.00022  3.33333e-05
-3.14286e-05            0 -2.38095e-05 -3.14286e-05            0 -2.38095e-05 -3.14286e-05            0  2.38095e-05 -3.14286e-05            0  2.38095e-05
-4.76191e-06  2.38095e-05            0  4.76191e-06  2.38095e-05            0  4.76191e-06 -2.38095e-05            0 -4.76191e-06 -2.38095e-05            0
 4.14628e-06            0            0  4.14628e-06            0            0  4.14628e-06            0            0  4.14628e-06            0            0
           0  4.14628e-06            0            0  4.14628e-06            0            0  4.14628e-06            0            0  4.14628e-06            0
           0            0  4.14628e-06            0            0  4.14628e-06            0            0  4.14628e-06            0            0  4.14628e-06
           0        0.022   0.00333333            0        0.022  -0.00333333            0        0.022  -0.00333333            0        0.022   0.00333333
 -0.00314286            0  -0.00238095  -0.00314286            0  -0.00238095  -0.00314286            0   0.00238095  -0.00314286            0   0.00238095
-0.000476191   0.00238095            0  0.000476191   0.00238095            0  0.000476191  -0.00238095            0 -0.000476191  -0.00238095            0
 0.000414628            0            0  0.000414628            0            0  0.000414628            0            0  0.000414628            0            0
           0  0.000414628            0            0  0.000414628            0            0  0.000414628            0            0  0.000414628            0
           0            0  0.000414628            0            0  0.000414628            0            0  0.000414628            0            0  0.000414628
           0            0            0            0            0            0            0            0            0            0            0            0
AQP:
     1      0      0      0      0      0      0      0      0      0      0      0      0
     0      1      0      0      0      0      0      0      0      0      0      0      0
     0      0      1      0      0      0      0      0      0      0      0      0      0
     0      0      0      1      0      0      0      0      0      0      0      0      0
     0      0      0      0      1      0      0      0      0      0      0      0      0
     0      0      0      0      0      1      0      0      0      0      0      0      0
     0      0      0      0      0      0      1      0      0      0      0      0      0
     0      0      0      0      0      0      0      1      0      0      0      0      0
     0      0      0      0      0      0      0      0      1      0      0      0      0
     0      0      0      0      0      0      0      0      0      1      0      0      0
     0      0      0      0      0      0      0      0      0      0      1      0      0
     0      0      0      0      0      0      0      0      0      0      0      1      0
     0      0      0      0      0      0      0      0      0      0      0      0      1
     1      0      0      0      0      0   0.02      0      0      0      0      0      0
     0      1      0      0      0      0      0   0.02      0      0      0      0      0
     0      0      1      0      0      0      0      0   0.02      0      0      0      0
     0      0      0      1      0      0      0      0      0   0.02      0      0      0
     0      0      0      0      1      0      0      0      0      0   0.02      0      0
     0      0      0      0      0      1      0      0      0      0      0   0.02 0.0002
     0      0      0      0      0      0      1      0      0      0      0      0      0
     0      0      0      0      0      0      0      1      0      0      0      0      0
     0      0      0      0      0      0      0      0      1      0      0      0      0
     0      0      0      0      0      0      0      0      0      1      0      0      0
     0      0      0      0      0      0      0      0      0      0      1      0      0
     0      0      0      0      0      0      0      0      0      0      0      1   0.02
     0      0      0      0      0      0      0      0      0      0      0      0      1
     1      0      0      0      0      0   0.04      0      0      0      0      0      0
     0      1      0      0      0      0      0   0.04      0      0      0      0      0
     0      0      1      0      0      0      0      0   0.04      0      0      0      0
     0      0      0      1      0      0      0      0      0   0.04      0      0      0
     0      0      0      0      1      0      0      0      0      0   0.04      0      0
     0      0      0      0      0      1      0      0      0      0      0   0.04 0.0008
     0      0      0      0      0      0      1      0      0      0      0      0      0
     0      0      0      0      0      0      0      1      0      0      0      0      0
     0      0      0      0      0      0      0      0      1      0      0      0      0
     0      0      0      0      0      0      0      0      0      1      0      0      0
     0      0      0      0      0      0      0      0      0      0      1      0      0
     0      0      0      0      0      0      0      0      0      0      0      1   0.04
     0      0      0      0      0      0      0      0      0      0      0      0      1
     1      0      0      0      0      0   0.06      0      0      0      0      0      0
     0      1      0      0      0      0      0   0.06      0      0      0      0      0
     0      0      1      0      0      0      0      0   0.06      0      0      0      0
     0      0      0      1      0      0      0      0      0   0.06      0      0      0
     0      0      0      0      1      0      0      0      0      0   0.06      0      0
     0      0      0      0      0      1      0      0      0      0      0   0.06 0.0018
     0      0      0      0      0      0      1      0      0      0      0      0      0
     0      0      0      0      0      0      0      1      0      0      0      0      0
     0      0      0      0      0      0      0      0      1      0      0      0      0
     0      0      0      0      0      0      0      0      0      1      0      0      0
     0      0      0      0      0      0      0      0      0      0      1      0      0
     0      0      0      0      0      0      0      0      0      0      0      1   0.06
     0      0      0      0      0      0      0      0      0      0      0      0      1
     1      0      0      0      0      0   0.08      0      0      0      0      0      0
     0      1      0      0      0      0      0   0.08      0      0      0      0      0
     0      0      1      0      0      0      0      0   0.08      0      0      0      0
     0      0      0      1      0      0      0      0      0   0.08      0      0      0
     0      0      0      0      1      0      0      0      0      0   0.08      0      0
     0      0      0      0      0      1      0      0      0      0      0   0.08 0.0032
     0      0      0      0      0      0      1      0      0      0      0      0      0
     0      0      0      0      0      0      0      1      0      0      0      0      0
     0      0      0      0      0      0      0      0      1      0      0      0      0
     0      0      0      0      0      0      0      0      0      1      0      0      0
     0      0      0      0      0      0      0      0      0      0      1      0      0
     0      0      0      0      0      0      0      0      0      0      0      1   0.08
     0      0      0      0      0      0      0      0      0      0      0      0      1
BQP:
           0            0            0            0            0            0            0            0            0            0            0            0            0            0            0            0            0            0            0            0            0            0            0            0            0            0            0            0            0            0            0            0            0            0            0            0            0            0            0            0            0            0            0            0            0            0            0            0            0            0            0            0            0            0            0            0            0            0            0            0
           0            0            0            0            0            0            0            0            0            0            0            0            0            0            0            0            0            0            0            0            0            0            0            0            0            0            0            0            0            0            0            0            0            0            0            0            0            0            0            0            0            0            0            0            0            0            0            0            0            0            0            0            0            0            0            0            0            0            0            0
           0            0            0            0            0            0            0            0            0            0            0            0            0            0            0            0            0            0            0            0            0            0            0            0            0            0            0            0            0            0            0            0            0            0            0            0            0            0            0            0            0            0            0            0            0            0            0            0            0            0            0            0            0            0            0            0            0            0            0            0
           0            0            0            0            0            0            0            0            0            0            0            0            0            0            0            0            0            0            0            0            0            0            0            0            0            0            0            0            0            0            0            0            0            0            0            0            0            0            0            0            0            0            0            0            0            0            0            0            0            0            0            0            0            0            0            0            0            0            0            0
           0            0            0            0            0            0            0            0            0            0            0            0            0            0            0            0            0            0            0            0            0            0            0            0            0            0            0            0            0            0            0            0            0            0            0            0            0            0            0            0            0            0            0            0            0            0            0            0            0            0            0            0            0            0            0            0            0            0            0            0
           0            0            0            0            0            0            0            0            0            0            0            0            0            0            0            0            0            0            0            0            0            0            0            0            0            0            0            0            0            0            0            0            0            0            0            0            0            0            0            0            0            0            0            0            0            0            0            0            0            0            0            0            0            0            0            0            0            0            0            0
           0            0            0            0            0            0            0            0            0            0            0            0            0            0            0            0            0            0            0            0            0            0            0            0            0            0            0            0            0            0            0            0            0            0            0            0            0            0            0            0            0            0            0            0            0            0            0            0            0            0            0            0            0            0            0            0            0            0            0            0
           0            0            0            0            0            0            0            0            0            0            0            0            0            0            0            0            0            0            0            0            0            0            0            0            0            0            0            0            0            0            0            0            0            0            0            0            0            0            0            0            0            0            0            0            0            0            0            0            0            0            0            0            0            0            0            0            0            0            0            0
           0            0            0            0            0            0            0            0            0            0            0            0            0            0            0            0            0            0            0            0            0            0            0            0            0            0            0            0            0            0            0            0            0            0            0            0            0            0            0            0            0            0            0            0            0            0            0            0            0            0            0            0            0            0            0            0            0            0            0            0
           0            0            0            0            0            0            0            0            0            0            0            0            0            0            0            0            0            0            0            0            0            0            0            0            0            0            0            0            0            0            0            0            0            0            0            0            0            0            0            0            0            0            0            0            0            0            0            0            0            0            0            0            0            0            0            0            0            0            0            0
           0            0            0            0            0            0            0            0            0            0            0            0            0            0            0            0            0            0            0            0            0            0            0            0            0            0            0            0            0            0            0            0            0            0            0            0            0            0            0            0            0            0            0            0            0            0            0            0            0            0            0            0            0            0            0            0            0            0            0            0
           0            0            0            0            0            0            0            0            0            0            0            0            0            0            0            0            0            0            0            0            0            0            0            0            0            0            0            0            0            0            0            0            0            0            0            0            0            0            0            0            0            0            0            0            0            0            0            0            0            0            0            0            0            0            0            0            0            0            0            0
           0            0            0            0            0            0            0            0            0            0            0            0            0            0            0            0            0            0            0            0            0            0            0            0            0            0            0            0            0            0            0            0            0            0            0            0            0            0            0            0            0            0            0            0            0            0            0            0            0            0            0            0            0            0            0            0            0            0            0            0
           0      0.00066       0.0001            0      0.00066      -0.0001            0      0.00066      -0.0001            0      0.00066       0.0001            0            0            0            0            0            0            0            0            0            0            0            0            0            0            0            0            0            0            0            0            0            0            0            0            0            0            0            0            0            0            0            0            0            0            0            0            0            0            0            0            0            0            0            0            0            0            0            0
-9.42857e-05            0 -7.14286e-05 -9.42857e-05            0 -7.14286e-05 -9.42857e-05            0  7.14286e-05 -9.42857e-05            0  7.14286e-05            0            0            0            0            0            0            0            0            0            0            0            0            0            0            0            0            0            0            0            0            0            0            0            0            0            0            0            0            0            0            0            0            0            0            0            0            0            0            0            0            0            0            0            0            0            0            0            0
-1.42857e-05  7.14286e-05            0  1.42857e-05  7.14286e-05            0  1.42857e-05 -7.14286e-05            0 -1.42857e-05 -7.14286e-05            0            0            0            0            0            0            0            0            0            0            0            0            0            0            0            0            0            0            0            0            0            0            0            0            0            0            0            0            0            0            0            0            0            0            0            0            0            0            0            0            0            0            0            0            0            0            0            0            0
 1.24388e-05            0            0  1.24388e-05            0            0  1.24388e-05            0            0  1.24388e-05            0            0            0            0            0            0            0            0            0            0            0            0            0            0            0            0            0            0            0            0            0            0            0            0            0            0            0            0            0            0            0            0            0            0            0            0            0            0            0            0            0            0            0            0            0            0            0            0            0            0
           0  1.24388e-05            0            0  1.24388e-05            0            0  1.24388e-05            0            0  1.24388e-05            0            0            0            0            0            0            0            0            0            0            0            0            0            0            0            0            0            0            0            0            0            0            0            0            0            0            0            0            0            0            0            0            0            0            0            0            0            0            0            0            0            0            0            0            0            0            0            0            0
           0            0  1.24388e-05            0            0  1.24388e-05            0            0  1.24388e-05            0            0  1.24388e-05            0            0            0            0            0            0            0            0            0            0            0            0            0            0            0            0            0            0            0            0            0            0            0            0            0            0            0            0            0            0            0            0            0            0            0            0            0            0            0            0            0            0            0            0            0            0            0            0
           0        0.022   0.00333333            0        0.022  -0.00333333            0        0.022  -0.00333333            0        0.022   0.00333333            0            0            0            0            0            0            0            0            0            0            0            0            0            0            0            0            0            0            0            0            0            0            0            0            0            0            0            0            0            0            0            0            0            0            0            0            0            0            0            0            0            0            0            0            0            0            0            0
 -0.00314286            0  -0.00238095  -0.00314286            0  -0.00238095  -0.00314286            0   0.00238095  -0.00314286            0   0.00238095            0            0            0            0            0            0            0            0            0            0            0            0            0            0            0            0            0            0            0            0            0            0            0            0            0            0            0            0            0            0            0            0            0            0            0            0            0            0            0            0            0            0            0            0            0            0            0            0
-0.000476191   0.00238095            0  0.000476191   0.00238095            0  0.000476191  -0.00238095            0 -0.000476191  -0.00238095            0            0            0            0            0            0            0            0            0            0            0            0            0            0            0            0            0            0            0            0            0            0            0            0            0            0            0            0            0            0            0            0            0            0            0            0            0            0            0            0            0            0            0            0            0            0            0            0            0
 0.000414628            0            0  0.000414628            0            0  0.000414628            0            0  0.000414628            0            0            0            0            0            0            0            0            0            0            0            0            0            0            0            0            0            0            0            0            0            0            0            0            0            0            0            0            0            0            0            0            0            0            0            0            0            0            0            0            0            0            0            0            0            0            0            0            0            0
           0  0.000414628            0            0  0.000414628            0            0  0.000414628            0            0  0.000414628            0            0            0            0            0            0            0            0            0            0            0            0            0            0            0            0            0            0            0            0            0            0            0            0            0            0            0            0            0            0            0            0            0            0            0            0            0            0            0            0            0            0            0            0            0            0            0            0            0
           0            0  0.000414628            0            0  0.000414628            0            0  0.000414628            0            0  0.000414628            0            0            0            0            0            0            0            0            0            0            0            0            0            0            0            0            0            0            0            0            0            0            0            0            0            0            0            0            0            0            0            0            0            0            0            0            0            0            0            0            0            0            0            0            0            0            0            0
           0            0            0            0            0            0            0            0            0            0            0            0            0            0            0            0            0            0            0            0            0            0            0            0            0            0            0            0            0            0            0            0            0            0            0            0            0            0            0            0            0            0            0            0            0            0            0            0            0            0            0            0            0            0            0            0            0            0            0            0
           0       0.0011  0.000166667            0       0.0011 -0.000166667            0       0.0011 -0.000166667            0       0.0011  0.000166667            0      0.00066       0.0001            0      0.00066      -0.0001            0      0.00066      -0.0001            0      0.00066       0.0001            0            0            0            0            0            0            0            0            0            0            0            0            0            0            0            0            0            0            0            0            0            0            0            0            0            0            0            0            0            0            0            0            0            0            0            0
-0.000157143            0 -0.000119048 -0.000157143            0 -0.000119048 -0.000157143            0  0.000119048 -0.000157143            0  0.000119048 -9.42857e-05            0 -7.14286e-05 -9.42857e-05            0 -7.14286e-05 -9.42857e-05            0  7.14286e-05 -9.42857e-05            0  7.14286e-05            0            0            0            0            0            0            0            0            0            0            0            0            0            0            0            0            0            0            0            0            0            0            0            0            0            0            0            0            0            0            0            0            0            0            0            0
-2.38095e-05  0.000119048            0  2.38095e-05  0.000119048            0  2.38095e-05 -0.000119048            0 -2.38095e-05 -0.000119048            0 -1.42857e-05  7.14286e-05            0  1.42857e-05  7.14286e-05            0  1.42857e-05 -7.14286e-05            0 -1.42857e-05 -7.14286e-05            0            0            0            0            0            0            0            0            0            0            0            0            0            0            0            0            0            0            0            0            0            0            0            0            0            0            0            0            0            0            0            0            0            0            0            0            0
 2.07314e-05            0            0  2.07314e-05            0            0  2.07314e-05            0            0  2.07314e-05            0            0  1.24388e-05            0            0  1.24388e-05            0            0  1.24388e-05            0            0  1.24388e-05            0            0            0            0            0            0            0            0            0            0            0            0            0            0            0            0            0            0            0            0            0            0            0            0            0            0            0            0            0            0            0            0            0            0            0            0            0            0
           0  2.07314e-05            0            0  2.07314e-05            0            0  2.07314e-05            0            0  2.07314e-05            0            0  1.24388e-05            0            0  1.24388e-05            0            0  1.24388e-05            0            0  1.24388e-05            0            0            0            0            0            0            0            0            0            0            0            0            0            0            0            0            0            0            0            0            0            0            0            0            0            0            0            0            0            0            0            0            0            0            0            0            0
           0            0  2.07314e-05            0            0  2.07314e-05            0            0  2.07314e-05            0            0  2.07314e-05            0            0  1.24388e-05            0            0  1.24388e-05            0            0  1.24388e-05            0            0  1.24388e-05            0            0            0            0            0            0            0            0            0            0            0            0            0            0            0            0            0            0            0            0            0            0            0            0            0            0            0            0            0            0            0            0            0            0            0            0
           0        0.022   0.00333333            0        0.022  -0.00333333            0        0.022  -0.00333333            0        0.022   0.00333333            0        0.022   0.00333333            0        0.022  -0.00333333            0        0.022  -0.00333333            0        0.022   0.00333333            0            0            0            0            0            0            0            0            0            0            0            0            0            0            0            0            0            0            0            0            0            0            0            0            0            0            0            0            0            0            0            0            0            0            0            0
 -0.00314286            0  -0.00238095  -0.00314286            0  -0.00238095  -0.00314286            0   0.00238095  -0.00314286            0   0.00238095  -0.00314286            0  -0.00238095  -0.00314286            0  -0.00238095  -0.00314286            0   0.00238095  -0.00314286            0   0.00238095            0            0            0            0            0            0            0            0            0            0            0            0            0            0            0            0            0            0            0            0            0            0            0            0            0            0            0            0            0            0            0            0            0            0            0            0
-0.000476191   0.00238095            0  0.000476191   0.00238095            0  0.000476191  -0.00238095            0 -0.000476191  -0.00238095            0 -0.000476191   0.00238095            0  0.000476191   0.00238095            0  0.000476191  -0.00238095            0 -0.000476191  -0.00238095            0            0            0            0            0            0            0            0            0            0            0            0            0            0            0            0            0            0            0            0            0            0            0            0            0            0            0            0            0            0            0            0            0            0            0            0            0
 0.000414628            0            0  0.000414628            0            0  0.000414628            0            0  0.000414628            0            0  0.000414628            0            0  0.000414628            0            0  0.000414628            0            0  0.000414628            0            0            0            0            0            0            0            0            0            0            0            0            0            0            0            0            0            0            0            0            0            0            0            0            0            0            0            0            0            0            0            0            0            0            0            0            0            0
           0  0.000414628            0            0  0.000414628            0            0  0.000414628            0            0  0.000414628            0            0  0.000414628            0            0  0.000414628            0            0  0.000414628            0            0  0.000414628            0            0            0            0            0            0            0            0            0            0            0            0            0            0            0            0            0            0            0            0            0            0            0            0            0            0            0            0            0            0            0            0            0            0            0            0            0
           0            0  0.000414628            0            0  0.000414628            0            0  0.000414628            0            0  0.000414628            0            0  0.000414628            0            0  0.000414628            0            0  0.000414628            0            0  0.000414628            0            0            0            0            0            0            0            0            0            0            0            0            0            0            0            0            0            0            0            0            0            0            0            0            0            0            0            0            0            0            0            0            0            0            0            0
           0            0            0            0            0            0            0            0            0            0            0            0            0            0            0            0            0            0            0            0            0            0            0            0            0            0            0            0            0            0            0            0            0            0            0            0            0            0            0            0            0            0            0            0            0            0            0            0            0            0            0            0            0            0            0            0            0            0            0            0
           0      0.00154  0.000233333            0      0.00154 -0.000233333            0      0.00154 -0.000233333            0      0.00154  0.000233333            0       0.0011  0.000166667            0       0.0011 -0.000166667            0       0.0011 -0.000166667            0       0.0011  0.000166667            0      0.00066       0.0001            0      0.00066      -0.0001            0      0.00066      -0.0001            0      0.00066       0.0001            0            0            0            0            0            0            0            0            0            0            0            0            0            0            0            0            0            0            0            0            0            0            0            0
    -0.00022            0 -0.000166667     -0.00022            0 -0.000166667     -0.00022            0  0.000166667     -0.00022            0  0.000166667 -0.000157143            0 -0.000119048 -0.000157143            0 -0.000119048 -0.000157143            0  0.000119048 -0.000157143            0  0.000119048 -9.42857e-05            0 -7.14286e-05 -9.42857e-05            0 -7.14286e-05 -9.42857e-05            0  7.14286e-05 -9.42857e-05            0  7.14286e-05            0            0            0            0            0            0            0            0            0            0            0            0            0            0            0            0            0            0            0            0            0            0            0            0
-3.33333e-05  0.000166667            0  3.33333e-05  0.000166667            0  3.33333e-05 -0.000166667            0 -3.33333e-05 -0.000166667            0 -2.38095e-05  0.000119048            0  2.38095e-05  0.000119048            0  2.38095e-05 -0.000119048            0 -2.38095e-05 -0.000119048            0 -1.42857e-05  7.14286e-05            0  1.42857e-05  7.14286e-05            0  1.42857e-05 -7.14286e-05            0 -1.42857e-05 -7.14286e-05            0            0            0            0            0            0            0            0            0            0            0            0            0            0            0            0            0            0            0            0            0            0            0            0            0
  2.9024e-05            0            0   2.9024e-05            0            0   2.9024e-05            0            0   2.9024e-05            0            0  2.07314e-05            0            0  2.07314e-05            0            0  2.07314e-05            0            0  2.07314e-05            0            0  1.24388e-05            0            0  1.24388e-05            0            0  1.24388e-05            0            0  1.24388e-05            0            0            0            0            0            0            0            0            0            0            0            0            0            0            0            0            0            0            0            0            0            0            0            0            0            0
           0   2.9024e-05            0            0   2.9024e-05            0            0   2.9024e-05            0            0   2.9024e-05            0            0  2.07314e-05            0            0  2.07314e-05            0            0  2.07314e-05            0            0  2.07314e-05            0            0  1.24388e-05            0            0  1.24388e-05            0            0  1.24388e-05            0            0  1.24388e-05            0            0            0            0            0            0            0            0            0            0            0            0            0            0            0            0            0            0            0            0            0            0            0            0            0
           0            0   2.9024e-05            0            0   2.9024e-05            0            0   2.9024e-05            0            0   2.9024e-05            0            0  2.07314e-05            0            0  2.07314e-05            0            0  2.07314e-05            0            0  2.07314e-05            0            0  1.24388e-05            0            0  1.24388e-05            0            0  1.24388e-05            0            0  1.24388e-05            0            0            0            0            0            0            0            0            0            0            0            0            0            0            0            0            0            0            0            0            0            0            0            0
           0        0.022   0.00333333            0        0.022  -0.00333333            0        0.022  -0.00333333            0        0.022   0.00333333            0        0.022   0.00333333            0        0.022  -0.00333333            0        0.022  -0.00333333            0        0.022   0.00333333            0        0.022   0.00333333            0        0.022  -0.00333333            0        0.022  -0.00333333            0        0.022   0.00333333            0            0            0            0            0            0            0            0            0            0            0            0            0            0            0            0            0            0            0            0            0            0            0            0
 -0.00314286            0  -0.00238095  -0.00314286            0  -0.00238095  -0.00314286            0   0.00238095  -0.00314286            0   0.00238095  -0.00314286            0  -0.00238095  -0.00314286            0  -0.00238095  -0.00314286            0   0.00238095  -0.00314286            0   0.00238095  -0.00314286            0  -0.00238095  -0.00314286            0  -0.00238095  -0.00314286            0   0.00238095  -0.00314286            0   0.00238095            0            0            0            0            0            0            0            0            0            0            0            0            0            0            0            0            0            0            0            0            0            0            0            0
-0.000476191   0.00238095            0  0.000476191   0.00238095            0  0.000476191  -0.00238095            0 -0.000476191  -0.00238095            0 -0.000476191   0.00238095            0  0.000476191   0.00238095            0  0.000476191  -0.00238095            0 -0.000476191  -0.00238095            0 -0.000476191   0.00238095            0  0.000476191   0.00238095            0  0.000476191  -0.00238095            0 -0.000476191  -0.00238095            0            0            0            0            0            0            0            0            0            0            0            0            0            0            0            0            0            0            0            0            0            0            0            0            0
 0.000414628            0            0  0.000414628            0            0  0.000414628            0            0  0.000414628            0            0  0.000414628            0            0  0.000414628            0            0  0.000414628            0            0  0.000414628            0            0  0.000414628            0            0  0.000414628            0            0  0.000414628            0            0  0.000414628            0            0            0            0            0            0            0            0            0            0            0            0            0            0            0            0            0            0            0            0            0            0            0            0            0            0
           0  0.000414628            0            0  0.000414628            0            0  0.000414628            0            0  0.000414628            0            0  0.000414628            0            0  0.000414628            0            0  0.000414628            0            0  0.000414628            0            0  0.000414628            0            0  0.000414628            0            0  0.000414628            0            0  0.000414628            0            0            0            0            0            0            0            0            0            0            0            0            0            0            0            0            0            0            0            0            0            0            0            0            0
           0            0  0.000414628            0            0  0.000414628            0            0  0.000414628            0            0  0.000414628            0            0  0.000414628            0            0  0.000414628            0            0  0.000414628            0            0  0.000414628            0            0  0.000414628            0            0  0.000414628            0            0  0.000414628            0            0  0.000414628            0            0            0            0            0            0            0            0            0            0            0            0            0            0            0            0            0            0            0            0            0            0            0            0
           0            0            0            0            0            0            0            0            0            0            0            0            0            0            0            0            0            0            0            0            0            0            0            0            0            0            0            0            0            0            0            0            0            0            0            0            0            0            0            0            0            0            0            0            0            0            0            0            0            0            0            0            0            0            0            0            0            0            0            0
           0      0.00198       0.0003            0      0.00198      -0.0003            0      0.00198      -0.0003            0      0.00198       0.0003            0      0.00154  0.000233333            0      0.00154 -0.000233333            0      0.00154 -0.000233333            0      0.00154  0.000233333            0       0.0011  0.000166667            0       0.0011 -0.000166667            0       0.0011 -0.000166667            0       0.0011  0.000166667            0      0.00066       0.0001            0      0.00066      -0.0001            0      0.00066      -0.0001            0      0.00066       0.0001            0            0            0            0            0            0            0            0            0            0            0            0
-0.000282857            0 -0.000214286 -0.000282857            0 -0.000214286 -0.000282857            0  0.000214286 -0.000282857            0  0.000214286     -0.00022            0 -0.000166667     -0.00022            0 -0.000166667     -0.00022            0  0.000166667     -0.00022            0  0.000166667 -0.000157143            0 -0.000119048 -0.000157143            0 -0.000119048 -0.000157143            0  0.000119048 -0.000157143            0  0.000119048 -9.42857e-05            0 -7.14286e-05 -9.42857e-05            0 -7.14286e-05 -9.42857e-05            0  7.14286e-05 -9.42857e-05            0  7.14286e-05            0            0            0            0            0            0            0            0            0            0            0            0
-4.28572e-05  0.000214286            0  4.28572e-05  0.000214286            0  4.28572e-05 -0.000214286            0 -4.28572e-05 -0.000214286            0 -3.33333e-05  0.000166667            0  3.33333e-05  0.000166667            0  3.33333e-05 -0.000166667            0 -3.33333e-05 -0.000166667            0 -2.38095e-05  0.000119048            0  2.38095e-05  0.000119048            0  2.38095e-05 -0.000119048            0 -2.38095e-05 -0.000119048            0 -1.42857e-05  7.14286e-05            0  1.42857e-05  7.14286e-05            0  1.42857e-05 -7.14286e-05            0 -1.42857e-05 -7.14286e-05            0            0            0            0            0            0            0            0            0            0            0            0            0
 3.73165e-05            0            0  3.73165e-05            0            0  3.73165e-05            0            0  3.73165e-05            0            0   2.9024e-05            0            0   2.9024e-05            0            0   2.9024e-05            0            0   2.9024e-05            0            0  2.07314e-05            0            0  2.07314e-05            0            0  2.07314e-05            0            0  2.07314e-05            0            0  1.24388e-05            0            0  1.24388e-05            0            0  1.24388e-05            0            0  1.24388e-05            0            0            0            0            0            0            0            0            0            0            0            0            0            0
           0  3.73165e-05            0            0  3.73165e-05            0            0  3.73165e-05            0            0  3.73165e-05            0            0   2.9024e-05            0            0   2.9024e-05            0            0   2.9024e-05            0            0   2.9024e-05            0            0  2.07314e-05            0            0  2.07314e-05            0            0  2.07314e-05            0            0  2.07314e-05            0            0  1.24388e-05            0            0  1.24388e-05            0            0  1.24388e-05            0            0  1.24388e-05            0            0            0            0            0            0            0            0            0            0            0            0            0
           0            0  3.73165e-05            0            0  3.73165e-05            0            0  3.73165e-05            0            0  3.73165e-05            0            0   2.9024e-05            0            0   2.9024e-05            0            0   2.9024e-05            0            0   2.9024e-05            0            0  2.07314e-05            0            0  2.07314e-05            0            0  2.07314e-05            0            0  2.07314e-05            0            0  1.24388e-05            0            0  1.24388e-05            0            0  1.24388e-05            0            0  1.24388e-05            0            0            0            0            0            0            0            0            0            0            0            0
           0        0.022   0.00333333            0        0.022  -0.00333333            0        0.022  -0.00333333            0        0.022   0.00333333            0        0.022   0.00333333            0        0.022  -0.00333333            0        0.022  -0.00333333            0        0.022   0.00333333            0        0.022   0.00333333            0        0.022  -0.00333333            0        0.022  -0.00333333            0        0.022   0.00333333            0        0.022   0.00333333            0        0.022  -0.00333333            0        0.022  -0.00333333            0        0.022   0.00333333            0            0            0            0            0            0            0            0            0            0            0            0
 -0.00314286            0  -0.00238095  -0.00314286            0  -0.00238095  -0.00314286            0   0.00238095  -0.00314286            0   0.00238095  -0.00314286            0  -0.00238095  -0.00314286            0  -0.00238095  -0.00314286            0   0.00238095  -0.00314286            0   0.00238095  -0.00314286            0  -0.00238095  -0.00314286            0  -0.00238095  -0.00314286            0   0.00238095  -0.00314286            0   0.00238095  -0.00314286            0  -0.00238095  -0.00314286            0  -0.00238095  -0.00314286            0   0.00238095  -0.00314286            0   0.00238095            0            0            0            0            0            0            0            0            0            0            0            0
-0.000476191   0.00238095            0  0.000476191   0.00238095            0  0.000476191  -0.00238095            0 -0.000476191  -0.00238095            0 -0.000476191   0.00238095            0  0.000476191   0.00238095            0  0.000476191  -0.00238095            0 -0.000476191  -0.00238095            0 -0.000476191   0.00238095            0  0.000476191   0.00238095            0  0.000476191  -0.00238095            0 -0.000476191  -0.00238095            0 -0.000476191   0.00238095            0  0.000476191   0.00238095            0  0.000476191  -0.00238095            0 -0.000476191  -0.00238095            0            0            0            0            0            0            0            0            0            0            0            0            0
 0.000414628            0            0  0.000414628            0            0  0.000414628            0            0  0.000414628            0            0  0.000414628            0            0  0.000414628            0            0  0.000414628            0            0  0.000414628            0            0  0.000414628            0            0  0.000414628            0            0  0.000414628            0            0  0.000414628            0            0  0.000414628            0            0  0.000414628            0            0  0.000414628            0            0  0.000414628            0            0            0            0            0            0            0            0            0            0            0            0            0            0
           0  0.000414628            0            0  0.000414628            0            0  0.000414628            0            0  0.000414628            0            0  0.000414628            0            0  0.000414628            0            0  0.000414628            0            0  0.000414628            0            0  0.000414628            0            0  0.000414628            0            0  0.000414628            0            0  0.000414628            0            0  0.000414628            0            0  0.000414628            0            0  0.000414628            0            0  0.000414628            0            0            0            0            0            0            0            0            0            0            0            0            0
           0            0  0.000414628            0            0  0.000414628            0            0  0.000414628            0            0  0.000414628            0            0  0.000414628            0            0  0.000414628            0            0  0.000414628            0            0  0.000414628            0            0  0.000414628            0            0  0.000414628            0            0  0.000414628            0            0  0.000414628            0            0  0.000414628            0            0  0.000414628            0            0  0.000414628            0            0  0.000414628            0            0            0            0            0            0            0            0            0            0            0            0
           0            0            0            0            0            0            0            0            0            0            0            0            0            0            0            0            0            0            0            0            0            0            0            0            0            0            0            0            0            0            0            0            0            0            0            0            0            0            0            0            0            0            0            0            0            0            0            0            0            0            0            0            0            0            0            0            0            0            0            0
Solve time: 13328 usec.
