0	
0	
0	
0	
0	
0	
0	
0	
0	
0	
0	
0	
0	
0	
0	
0	
0	
0	
0	
0	
0	
0	
0	
0	
0	
0	
0	
0	
0	
0	
0	
0	
0	
0	
0	
0	
0	
0	
0	
0	
0	
0	
0	
0	
0	
0	
0	
0	
0	
0	
0	
0	
0	
0	
0	
0	
0	
0	
0	
0	
0	
0	
0	
0	
0	
0	
0	
0	
0	
0	
0	
0	
0	
0	
-0.000134236	
-0.000838974	
-0.00214777	
-0.00406063	
-0.00657756	
-0.00969854	
-0.0134236	
-0.0177527	
-0.0226859	
-0.0282231	
-0.0343644	
-0.0411097	
-0.0484591	
-0.0564126	
-0.0649702	
-0.0741318	
-0.0838974	
-0.0942671	
-0.105241	
-0.116819	
-0.129001	
-0.141787	
-0.155177	
-0.169171	
-0.183769	
-0.198971	
-0.214777	
-0.231188	
-0.248202	
-0.265821	
-0.284043	
-0.30287	
-0.3223	
-0.342335	
-0.362974	
-0.384217	
-0.406063	
-0.427898	
-0.449102	
-0.469677	
-0.489621	
-0.508937	
-0.527622	
-0.545678	
-0.563104	
-0.5799	
-0.596067	
-0.611604	
-0.626511	
-0.640789	
-0.654436	
-0.667454	
-0.679843	
-0.691601	
-0.70273	
-0.713229	
-0.723099	
-0.732339	
-0.740949	
-0.748929	
-0.75628	
-0.763001	
-0.769092	
-0.774553	
-0.779385	
-0.783587	
-0.787159	
-0.790102	
-0.792415	
-0.794098	
-0.795152	
-0.795575	
-0.795369	
-0.794538	
-0.793137	
-0.791183	
-0.788676	
-0.785616	
-0.782004	
-0.777839	
-0.773121	
-0.767851	
-0.762027	
-0.755651	
-0.748723	
-0.741241	
-0.733207	
-0.72462	
-0.71548	
-0.705787	
-0.695542	
-0.684744	
-0.673393	
-0.661489	
-0.649033	
-0.636024	
-0.622462	
-0.608348	
-0.59368	
-0.57846	
-0.562687	
-0.546362	
-0.529483	
-0.512052	
-0.494068	
-0.475532	
-0.456442	
-0.4368	
-0.416605	
-0.395857	
-0.374927	
-0.355015	
-0.336215	
-0.318527	
-0.30195	
-0.286484	
-0.27213	
-0.258888	
-0.246756	
-0.235737	
-0.225829	
-0.217032	
-0.209347	
-0.202774	
-0.197312	
-0.192961	
-0.189722	
-0.187594	
-0.186578	
-0.186674	
-0.187881	
-0.190199	
-0.193629	
-0.198171	
-0.203824	
-0.210588	
-0.218464	
-0.227451	
-0.23755	
-0.248761	
-0.261083	
-0.274516	
-0.289061	
-0.304718	
-0.321485	
-0.339365	
-0.358356	
-0.377608	
-0.396271	
-0.414344	
-0.431829	
-0.448724	
-0.46503	
-0.480747	
-0.495875	
-0.510413	
-0.524362	
-0.537722	
-0.550493	
-0.562675	
-0.574267	
-0.58527	
-0.595684	
-0.605509	
-0.614744	
-0.623391	
-0.631448	
-0.638916	
-0.645795	
-0.652084	
-0.657784	
-0.662896	
-0.667417	
-0.67135	
-0.674694	
-0.677448	
-0.679613	
-0.681189	
-0.682175	
-0.682573	
-0.682381	
-0.6816	
-0.68023	
-0.678253	
-0.675448	
-0.671744	
-0.667143	
-0.661643	
-0.655246	
-0.647951	
-0.639758	
-0.630668	
-0.620679	
-0.609793	
-0.598009	
-0.585327	
-0.571747	
-0.55727	
-0.541894	
-0.525621	
-0.50845	
-0.490381	
-0.471414	
-0.451549	
-0.430787	
-0.409126	
-0.386568	
-0.363112	
-0.338759	
-0.313507	
-0.287357	
-0.26031	
-0.232365	
-0.203522	
-0.173781	
-0.143142	
-0.111606	
-0.0791717	
-0.0458395	
-0.0116095	
0.0230008	
0.0563096	
0.0881874	
0.118634	
0.14765	
0.175235	
0.20139	
0.226113	
0.249405	
0.271266	
0.291697	
0.310696	
0.328265	
0.344403	
0.359109	
0.372385	
0.38423	
0.394644	
0.403627	
0.411179	
0.4173	
0.421991	
0.42525	
0.427078	
0.427476	
0.426442	
0.423978	
0.420083	
0.414757	
0.407999	
0.399811	
0.390192	
0.379142	
0.366661	
0.35275	
0.337407	
0.320633	
0.303144	
0.285655	
0.268166	
0.250677	
0.233188	
0.215699	
0.19821	
0.180721	
0.163232	
0.145742	
0.128253	
0.110764	
0.0932752	
0.0757861	
0.058297	
0.0408079	
0.0233188	
0.0058297	
-0.0116594	
-0.0291485	
-0.0466376	
-0.0641267	
-0.0816158	
-0.0991049	
-0.116594	
-0.134083	
-0.151572	
-0.169061	
-0.18655	
-0.204039	
-0.221529	
-0.239018	
-0.256507	
-0.273996	
-0.291485	
-0.308974	
-0.32641	
-0.343104	
-0.358844	
-0.373631	
-0.387463	
-0.400341	
-0.412266	
-0.423236	
-0.433253	
-0.442315	
-0.450424	
-0.457578	
-0.463779	
-0.469026	
-0.473318	
-0.476657	
-0.479042	
-0.480473	
-0.48095	
-0.480473	
-0.479042	
-0.476657	
-0.473318	
-0.469026	
-0.463779	
-0.457578	
-0.450424	
-0.442315	
-0.433253	
-0.423236	
-0.412266	
-0.400341	
-0.387463	
-0.373631	
-0.358844	
-0.343104	
-0.32641	
-0.308974	
-0.291485	
-0.273996	
-0.256507	
-0.239018	
-0.221529	
-0.204039	
-0.18655	
-0.169061	
-0.151572	
-0.134083	
-0.116594	
-0.0991049	
-0.0816158	
-0.0641267	
-0.0466376	
-0.0291485	
-0.0116594	
0.0058297	
0.0233188	
0.0408079	
0.058297	
0.0757861	
0.0932752	
0.110764	
0.128253	
0.145742	
0.163232	
0.180721	
0.19821	
0.215699	
0.233188	
0.250677	
0.268166	
0.285655	
0.303144	
0.320633	
0.337912	
0.35477	
0.371207	
0.387223	
0.402818	
0.417992	
0.432746	
0.447079	
0.46099	
0.474481	
0.487551	
0.500201	
0.512429	
0.524236	
0.535623	
0.546589	
0.557134	
0.567258	
0.576961	
0.586243	
0.595105	
0.603546	
0.611565	
0.619164	
0.626342	
0.633099	
0.639436	
0.645351	
0.650846	
0.65592	
0.660572	
0.664804	
0.668616	
0.672006	
0.674975	
0.677524	
0.679642	
0.681209	
0.682186	
0.682574	
0.682373	
0.681583	
0.680204	
0.678235	
0.675677	
0.67253	
0.668794	
0.664468	
0.659554	
0.65405	
0.647957	
0.641274	
0.634003	
0.626142	
0.617692	
0.608653	
0.599025	
0.588807	
0.578	
0.566604	
0.554619	
0.542045	
0.528881	
0.515128	
0.500786	
0.485855	
0.470335	
0.454225	
0.437526	
0.420238	
0.402361	
0.383894	
0.364839	
0.345572	
0.327322	
0.310183	
0.294156	
0.279241	
0.265437	
0.252745	
0.241164	
0.230694	
0.221336	
0.21309	
0.205955	
0.199931	
0.19502	
0.191219	
0.18853	
0.186953	
0.186487	
0.187132	
0.188889	
0.191758	
0.195738	
0.20083	
0.207033	
0.214347	
0.222773	
0.232311	
0.24296	
0.25472	
0.267592	
0.281576	
0.296671	
0.312878	
0.330196	
0.348625	
0.368166	
0.388819	
0.409751	
0.43013	
0.449956	
0.46923	
0.487951	
0.506119	
0.523734	
0.540797	
0.557307	
0.573264	
0.588668	
0.60352	
0.617819	
0.631565	
0.644758	
0.657399	
0.669487	
0.681022	
0.692004	
0.702434	
0.71231	
0.721634	
0.730406	
0.738624	
0.74629	
0.753403	
0.759964	
0.765971	
0.771426	
0.776328	
0.780677	
0.784474	
0.787717	
0.790408	
0.792547	
0.794132	
0.795161	
0.795577	
0.795363	
0.794519	
0.793046	
0.790943	
0.78821	
0.784848	
0.780856	
0.776234	
0.770982	
0.765101	
0.75859	
0.751449	
0.743679	
0.735279	
0.726249	
0.716589	
0.7063	
0.695381	
0.683832	
0.671654	
0.658846	
0.645408	
0.63134	
0.616643	
0.601316	
0.585359	
0.568773	
0.551557	
0.533711	
0.515235	
0.49613	
0.476395	
0.45603	
0.435036	
0.413411	
0.391432	
0.369988	
0.349147	
0.328911	
0.309279	
0.290252	
0.271828	
0.254008	
0.236792	
0.22018	
0.204173	
0.188769	
0.17397	
0.159774	
0.146183	
0.133196	
0.120812	
0.109033	
0.0978579	
0.0872869	
0.0773199	
0.0679569	
0.059198	
0.0510432	
0.0434924	
0.0365457	
0.0302031	
0.0244645	
0.01933	
0.0147995	
0.0108731	
0.00755077	
0.00483249	
0.00271828	
0.00120812	
0.000302031	
2.98874e-26	
0	
0	
0	
0	
0	
0	
0	
0	
0	
0	
0	
0	
0	
0	
0	
0	
0	
0	
0	
0	
0	
0	
0	
0	
0	
0	
0	
0	
0	
0	
0	
0	
0	
0	
0	
0	
0	
0	
0	
0	
0	
0	
0	
0	
0	
0	
0	
0	
0	
0	
0	
0	
0	
0	
0	
0	
0	
0	
0	
0	
0	
0	
0	
0	
0	
0	
0	
0	
0	
0	
0	
0	
0	
0	
0	
0	
0	
0	
0	
0	
0	
0	
0	
0	
0	
0	
0	
0	
0	
0	
0	
0	
0	
0	
0	
0	
0	
0	
0	
0	
0	
0	
0	
0	
0	
0	
0	
0	
0	
0	
0	
0	
0	
0	
0	
0	
0	
0	
0	
0	
0	
0	
0	
0	
0	
0	
0	
0	
0	
0	
0	
0	
0	
0	
0	
0	
0	
0	
0	
0	
0	
0	
0	
0	
0	
0	
0	
0	
0	
0	
0	
0	
0	
0	
0	
0	
0	
0	
0	
0	
0	
0	
0	
0	
0	
0	
0	
0	
0	
0	
0	
0	
0	
0	
0	
0	
0	
0	
0	
0	
0	
0	
0	
0	
0	
0	
0	
0	
0	
0	
0	
0	
0	
0	
0	
0	
0	
0	
0	
0	
0	
0	
0	
0	
0	
0	
0	
0	
0	
0	
0	
0	
0	
0	
0	
0	
0	
0	
0	
0	
0	
